2024-03-26 17:15:37.998749 ; 2330
2024-03-26 17:15:38.000865 ; 2336
2024-03-26 17:15:38.002794 ; 2338
2024-03-26 17:15:38.004715 ; 2337
2024-03-26 17:15:38.006728 ; 2340
2024-03-26 17:15:38.008751 ; 2344
2024-03-26 17:15:38.010724 ; 2345
2024-03-26 17:15:38.012827 ; 2349
2024-03-26 17:15:38.014870 ; 2356
2024-03-26 17:15:38.016875 ; 2362
2024-03-26 17:15:38.018941 ; 2366
2024-03-26 17:15:38.020804 ; 2365
2024-03-26 17:15:38.022776 ; 2367
2024-03-26 17:15:38.025011 ; 2369
2024-03-26 17:15:38.026899 ; 2369
2024-03-26 17:15:38.028977 ; 2376
2024-03-26 17:15:38.030925 ; 2368
2024-03-26 17:15:38.032919 ; 2359
2024-03-26 17:15:38.035088 ; 2345
2024-03-26 17:15:38.036952 ; 2327
2024-03-26 17:15:38.038949 ; 2307
2024-03-26 17:15:38.040965 ; 2291
2024-03-26 17:15:38.043013 ; 2278
2024-03-26 17:15:38.044994 ; 2269
2024-03-26 17:15:38.047032 ; 2262
2024-03-26 17:15:38.049052 ; 2262
2024-03-26 17:15:38.051284 ; 2265
2024-03-26 17:15:38.053262 ; 2267
2024-03-26 17:15:38.055066 ; 2269
2024-03-26 17:15:38.057127 ; 2271
2024-03-26 17:15:38.059095 ; 2267
2024-03-26 17:15:38.061080 ; 2262
2024-03-26 17:15:38.063104 ; 2263
2024-03-26 17:15:38.065109 ; 2262
2024-03-26 17:15:38.067115 ; 2257
2024-03-26 17:15:38.069269 ; 2249
2024-03-26 17:15:38.071109 ; 2243
2024-03-26 17:15:38.073105 ; 2246
2024-03-26 17:15:38.075221 ; 2243
2024-03-26 17:15:38.077126 ; 2229
2024-03-26 17:15:38.079123 ; 2217
2024-03-26 17:15:38.081175 ; 2204
2024-03-26 17:15:38.083285 ; 2201
2024-03-26 17:15:38.085317 ; 2197
2024-03-26 17:15:38.087232 ; 2202
2024-03-26 17:15:38.089245 ; 2202
2024-03-26 17:15:38.091256 ; 2200
2024-03-26 17:15:38.093286 ; 2193
2024-03-26 17:15:38.095250 ; 2192
2024-03-26 17:15:38.097251 ; 2191
2024-03-26 17:15:38.099252 ; 2185
2024-03-26 17:15:38.101334 ; 2192
2024-03-26 17:15:38.103367 ; 2192
2024-03-26 17:15:38.105201 ; 2188
2024-03-26 17:15:38.107233 ; 2174
2024-03-26 17:15:38.109362 ; 2165
2024-03-26 17:15:38.111319 ; 2158
2024-03-26 17:15:38.113343 ; 2140
2024-03-26 17:15:38.115394 ; 2132
2024-03-26 17:15:38.117579 ; 2139
2024-03-26 17:15:38.119564 ; 2133
2024-03-26 17:15:38.121291 ; 2152
2024-03-26 17:15:38.123317 ; 2167
2024-03-26 17:15:38.125492 ; 2187
2024-03-26 17:15:38.127418 ; 2198
2024-03-26 17:15:38.129422 ; 2218
2024-03-26 17:15:38.131434 ; 2241
2024-03-26 17:15:38.133627 ; 2264
2024-03-26 17:15:38.135721 ; 2289
2024-03-26 17:15:38.137469 ; 2297
2024-03-26 17:15:38.139480 ; 2289
2024-03-26 17:15:38.141542 ; 2258
2024-03-26 17:15:38.143528 ; 2188
2024-03-26 17:15:38.145568 ; 2062
2024-03-26 17:15:38.147539 ; 1886
2024-03-26 17:15:38.149496 ; 1678
2024-03-26 17:15:38.151642 ; 1441
2024-03-26 17:15:38.153584 ; 1192
2024-03-26 17:15:38.155456 ; 940
2024-03-26 17:15:38.157560 ; 704
2024-03-26 17:15:38.159557 ; 477
2024-03-26 17:15:38.161520 ; 266
2024-03-26 17:15:38.163591 ; 106
2024-03-26 17:15:38.165545 ; 15
2024-03-26 17:15:38.167673 ; 15
2024-03-26 17:15:38.169583 ; 44
2024-03-26 17:15:38.171560 ; 203
2024-03-26 17:15:38.173552 ; 480
2024-03-26 17:15:38.175753 ; 847
2024-03-26 17:15:38.177664 ; 1211
2024-03-26 17:15:38.179679 ; 1526
2024-03-26 17:15:38.181668 ; 1793
2024-03-26 17:15:38.183857 ; 1981
2024-03-26 17:15:38.185842 ; 2126
2024-03-26 17:15:38.187751 ; 2234
2024-03-26 17:15:38.189754 ; 2325
2024-03-26 17:15:38.191910 ; 2399
2024-03-26 17:15:38.193721 ; 2457
2024-03-26 17:15:38.195747 ; 2510
2024-03-26 17:15:38.197744 ; 2551
2024-03-26 17:15:38.199931 ; 2575
2024-03-26 17:15:38.201823 ; 2587
2024-03-26 17:15:38.203824 ; 2589
2024-03-26 17:15:38.205776 ; 2588
2024-03-26 17:15:38.207776 ; 2578
2024-03-26 17:15:38.209852 ; 2558
2024-03-26 17:15:38.211823 ; 2536
2024-03-26 17:15:38.213854 ; 2518
2024-03-26 17:15:38.215879 ; 2514
2024-03-26 17:15:38.217985 ; 2504
2024-03-26 17:15:38.220030 ; 2506
2024-03-26 17:15:38.221956 ; 2516
2024-03-26 17:15:38.224085 ; 2525
2024-03-26 17:15:38.225998 ; 2552
2024-03-26 17:15:38.227913 ; 2562
2024-03-26 17:15:38.229966 ; 2586
2024-03-26 17:15:38.232037 ; 2592
2024-03-26 17:15:38.234062 ; 2609
2024-03-26 17:15:38.236238 ; 2609
2024-03-26 17:15:38.238012 ; 2609
2024-03-26 17:15:38.239933 ; 2594
2024-03-26 17:15:38.242205 ; 2585
2024-03-26 17:15:38.243998 ; 2577
2024-03-26 17:15:38.246024 ; 2565
2024-03-26 17:15:38.248015 ; 2562
2024-03-26 17:15:38.250086 ; 2558
2024-03-26 17:15:38.252179 ; 2551
2024-03-26 17:15:38.254020 ; 2540
2024-03-26 17:15:38.255965 ; 2535
2024-03-26 17:15:38.258118 ; 2527
2024-03-26 17:15:38.260103 ; 2527
2024-03-26 17:15:38.262136 ; 2521
2024-03-26 17:15:38.264111 ; 2516
2024-03-26 17:15:38.266123 ; 2501
2024-03-26 17:15:38.268167 ; 2483
2024-03-26 17:15:38.270056 ; 2455
2024-03-26 17:15:38.272084 ; 2423
2024-03-26 17:15:38.274272 ; 2398
2024-03-26 17:15:38.276188 ; 2376
2024-03-26 17:15:38.278126 ; 2356
2024-03-26 17:15:38.280209 ; 2330
2024-03-26 17:15:38.282295 ; 2306
2024-03-26 17:15:38.284385 ; 2283
2024-03-26 17:15:38.286465 ; 2262
2024-03-26 17:15:38.288302 ; 2241
2024-03-26 17:15:38.290238 ; 2215
2024-03-26 17:15:38.292285 ; 2209
2024-03-26 17:15:38.294211 ; 2199
2024-03-26 17:15:38.296297 ; 2182
2024-03-26 17:15:38.298287 ; 2173
2024-03-26 17:15:38.300380 ; 2166
2024-03-26 17:15:38.302503 ; 2155
2024-03-26 17:15:38.304294 ; 2148
2024-03-26 17:15:38.306334 ; 2143
2024-03-26 17:15:38.308301 ; 2135
2024-03-26 17:15:38.310342 ; 2128
2024-03-26 17:15:38.312375 ; 2128
2024-03-26 17:15:38.314298 ; 2132
2024-03-26 17:15:38.316544 ; 2125
2024-03-26 17:15:38.318413 ; 2115
2024-03-26 17:15:38.320387 ; 2102
2024-03-26 17:15:38.322304 ; 2090
2024-03-26 17:15:38.324327 ; 2076
2024-03-26 17:15:38.326456 ; 2066
2024-03-26 17:15:38.328421 ; 2058
2024-03-26 17:15:38.330425 ; 2050
2024-03-26 17:15:38.332454 ; 2045
2024-03-26 17:15:38.334744 ; 2039
2024-03-26 17:15:38.336645 ; 2039
2024-03-26 17:15:38.338507 ; 2036
2024-03-26 17:15:38.340519 ; 2023
2024-03-26 17:15:38.342538 ; 2010
2024-03-26 17:15:38.344515 ; 2007
2024-03-26 17:15:38.346527 ; 1996
2024-03-26 17:15:38.348596 ; 1985
2024-03-26 17:15:38.350604 ; 1972
2024-03-26 17:15:38.352711 ; 1956
2024-03-26 17:15:38.354484 ; 1941
2024-03-26 17:15:38.356448 ; 1934
2024-03-26 17:15:38.358760 ; 1931
2024-03-26 17:15:38.360607 ; 1927
2024-03-26 17:15:38.362588 ; 1928
2024-03-26 17:15:38.364608 ; 1927
2024-03-26 17:15:38.366706 ; 1938
2024-03-26 17:15:38.368628 ; 1948
2024-03-26 17:15:38.370595 ; 1950
2024-03-26 17:15:38.372547 ; 1949
2024-03-26 17:15:38.374684 ; 1950
2024-03-26 17:15:38.376680 ; 1951
2024-03-26 17:15:38.378706 ; 1943
2024-03-26 17:15:38.380706 ; 1929
2024-03-26 17:15:38.382720 ; 1915
2024-03-26 17:15:38.384926 ; 1911
2024-03-26 17:15:38.386718 ; 1912
2024-03-26 17:15:38.388725 ; 1905
2024-03-26 17:15:38.390746 ; 1899
2024-03-26 17:15:38.392792 ; 1888
2024-03-26 17:15:38.394765 ; 1883
2024-03-26 17:15:38.396771 ; 1881
2024-03-26 17:15:38.398797 ; 1875
2024-03-26 17:15:38.400924 ; 1877
2024-03-26 17:15:38.403012 ; 1863
2024-03-26 17:15:38.404845 ; 1862
2024-03-26 17:15:38.406794 ; 1860
2024-03-26 17:15:38.408894 ; 1862
2024-03-26 17:15:38.410837 ; 1866
2024-03-26 17:15:38.412836 ; 1865
2024-03-26 17:15:38.414848 ; 1862
2024-03-26 17:15:38.416929 ; 1864
2024-03-26 17:15:38.418992 ; 1864
2024-03-26 17:15:38.420917 ; 1865
2024-03-26 17:15:38.422895 ; 1866
2024-03-26 17:15:38.424983 ; 1867
2024-03-26 17:15:38.426950 ; 1866
2024-03-26 17:15:38.428968 ; 1867
2024-03-26 17:15:38.430985 ; 1864
2024-03-26 17:15:38.432933 ; 1863
2024-03-26 17:15:38.435067 ; 1857
2024-03-26 17:15:38.436972 ; 1859
2024-03-26 17:15:38.438964 ; 1860
2024-03-26 17:15:38.440931 ; 1857
2024-03-26 17:15:38.443013 ; 1870
2024-03-26 17:15:38.445021 ; 1883
2024-03-26 17:15:38.447030 ; 1889
2024-03-26 17:15:38.449007 ; 1900
2024-03-26 17:15:38.451111 ; 1897
2024-03-26 17:15:38.453027 ; 1906
2024-03-26 17:15:38.454983 ; 1912
2024-03-26 17:15:38.457007 ; 1913
2024-03-26 17:15:38.459171 ; 1912
2024-03-26 17:15:38.461088 ; 1906
2024-03-26 17:15:38.463103 ; 1906
2024-03-26 17:15:38.465188 ; 1899
2024-03-26 17:15:38.467162 ; 1892
2024-03-26 17:15:38.469321 ; 1885
2024-03-26 17:15:38.471094 ; 1879
2024-03-26 17:15:38.473061 ; 1878
2024-03-26 17:15:38.475346 ; 1877
2024-03-26 17:15:38.477189 ; 1879
2024-03-26 17:15:38.479204 ; 1877
2024-03-26 17:15:38.481213 ; 1871
2024-03-26 17:15:38.483353 ; 1866
2024-03-26 17:15:38.486240 ; 1860
2024-03-26 17:15:38.487380 ; 1859
2024-03-26 17:15:38.489298 ; 1845
2024-03-26 17:15:38.491254 ; 1840
2024-03-26 17:15:38.493260 ; 1835
2024-03-26 17:15:38.495338 ; 1830
2024-03-26 17:15:38.497255 ; 1820
2024-03-26 17:15:38.499307 ; 1818
2024-03-26 17:15:38.501317 ; 1818
2024-03-26 17:15:38.503303 ; 1823
2024-03-26 17:15:38.505281 ; 1823
2024-03-26 17:15:38.507332 ; 1822
2024-03-26 17:15:38.509374 ; 1819
2024-03-26 17:15:38.511359 ; 1819
2024-03-26 17:15:38.513341 ; 1811
2024-03-26 17:15:38.515385 ; 1812
2024-03-26 17:15:38.517433 ; 1808
2024-03-26 17:15:38.519529 ; 1798
2024-03-26 17:15:38.521370 ; 1799
2024-03-26 17:15:38.523332 ; 1791
2024-03-26 17:15:38.525380 ; 1789
2024-03-26 17:15:38.527382 ; 1788
2024-03-26 17:15:38.529652 ; 1783
2024-03-26 17:15:38.531440 ; 1774
2024-03-26 17:15:38.533538 ; 1777
2024-03-26 17:15:38.535505 ; 1779
2024-03-26 17:15:38.537440 ; 1775
2024-03-26 17:15:38.539389 ; 1767
2024-03-26 17:15:38.541590 ; 1773
2024-03-26 17:15:38.543505 ; 1778
2024-03-26 17:15:38.545482 ; 1777
2024-03-26 17:15:38.547480 ; 1777
2024-03-26 17:15:38.549494 ; 1776
2024-03-26 17:15:38.551683 ; 1774
2024-03-26 17:15:38.553507 ; 1779
2024-03-26 17:15:38.555454 ; 1785
2024-03-26 17:15:38.557625 ; 1777
2024-03-26 17:15:38.559611 ; 1790
2024-03-26 17:15:38.561595 ; 1788
2024-03-26 17:15:38.563600 ; 1785
2024-03-26 17:15:38.565646 ; 1783
2024-03-26 17:15:38.567861 ; 1793
2024-03-26 17:15:38.569944 ; 1785
2024-03-26 17:15:38.571859 ; 1786
2024-03-26 17:15:38.573883 ; 1790
2024-03-26 17:15:38.575728 ; 1796
2024-03-26 17:15:38.577685 ; 1792
2024-03-26 17:15:38.579692 ; 1789
2024-03-26 17:15:38.581809 ; 1793
2024-03-26 17:15:38.583971 ; 1797
2024-03-26 17:15:38.585838 ; 1798
2024-03-26 17:15:38.587741 ; 1804
2024-03-26 17:15:38.589735 ; 1809
2024-03-26 17:15:38.591942 ; 1815
2024-03-26 17:15:38.593774 ; 1814
2024-03-26 17:15:38.595782 ; 1808
2024-03-26 17:15:38.597776 ; 1808
2024-03-26 17:15:38.599847 ; 1801
2024-03-26 17:15:38.601797 ; 1793
2024-03-26 17:15:38.603780 ; 1788
2024-03-26 17:15:38.605760 ; 1781
2024-03-26 17:15:38.607905 ; 1765
2024-03-26 17:15:38.609850 ; 1752
2024-03-26 17:15:38.611829 ; 1746
2024-03-26 17:15:38.613891 ; 1738
2024-03-26 17:15:38.615867 ; 1724
2024-03-26 17:15:38.618068 ; 1709
2024-03-26 17:15:38.619979 ; 1696
2024-03-26 17:15:38.621915 ; 1678
2024-03-26 17:15:38.624105 ; 1650
2024-03-26 17:15:38.625990 ; 1630
2024-03-26 17:15:38.627935 ; 1623
2024-03-26 17:15:38.629954 ; 1609
2024-03-26 17:15:38.632046 ; 1594
2024-03-26 17:15:38.634131 ; 1592
2024-03-26 17:15:38.636208 ; 1594
2024-03-26 17:15:38.638024 ; 1606
2024-03-26 17:15:38.640009 ; 1619
2024-03-26 17:15:38.642063 ; 1624
2024-03-26 17:15:38.644025 ; 1640
2024-03-26 17:15:38.646001 ; 1646
2024-03-26 17:15:38.648150 ; 1663
2024-03-26 17:15:38.650205 ; 1674
2024-03-26 17:15:38.652258 ; 1681
2024-03-26 17:15:38.654148 ; 1676
2024-03-26 17:15:38.656069 ; 1669
2024-03-26 17:15:38.658143 ; 1663
2024-03-26 17:15:38.660134 ; 1657
2024-03-26 17:15:38.662092 ; 1651
2024-03-26 17:15:38.664162 ; 1648
2024-03-26 17:15:38.666121 ; 1643
2024-03-26 17:15:38.668257 ; 1646
2024-03-26 17:15:38.670137 ; 1649
2024-03-26 17:15:38.672109 ; 1647
2024-03-26 17:15:38.674327 ; 1643
2024-03-26 17:15:38.676280 ; 1644
2024-03-26 17:15:38.678168 ; 1650
2024-03-26 17:15:38.680222 ; 1653
2024-03-26 17:15:38.682278 ; 1666
2024-03-26 17:15:38.684392 ; 1677
2024-03-26 17:15:38.686509 ; 1701
2024-03-26 17:15:38.688241 ; 1732
2024-03-26 17:15:38.690227 ; 1773
2024-03-26 17:15:38.692346 ; 1806
2024-03-26 17:15:38.694270 ; 1840
2024-03-26 17:15:38.696298 ; 1855
2024-03-26 17:15:38.698254 ; 1832
2024-03-26 17:15:38.700452 ; 1765
2024-03-26 17:15:38.702517 ; 1634
2024-03-26 17:15:38.704268 ; 1452
2024-03-26 17:15:38.706221 ; 1244
2024-03-26 17:15:38.708523 ; 1009
2024-03-26 17:15:38.710387 ; 759
2024-03-26 17:15:38.712375 ; 510
2024-03-26 17:15:38.714338 ; 275
2024-03-26 17:15:38.716478 ; 56
2024-03-26 17:15:38.718401 ; 14
2024-03-26 17:15:38.720381 ; 13
2024-03-26 17:15:38.722354 ; 14
2024-03-26 17:15:38.724340 ; 12
2024-03-26 17:15:38.726469 ; 14
2024-03-26 17:15:38.728413 ; 13
2024-03-26 17:15:38.730487 ; 12
2024-03-26 17:15:38.732489 ; 105
2024-03-26 17:15:38.734628 ; 385
2024-03-26 17:15:38.736571 ; 682
2024-03-26 17:15:38.738530 ; 940
2024-03-26 17:15:38.740503 ; 1144
2024-03-26 17:15:38.742506 ; 1310
2024-03-26 17:15:38.744534 ; 1431
2024-03-26 17:15:38.746530 ; 1528
2024-03-26 17:15:38.748536 ; 1600
2024-03-26 17:15:38.750702 ; 1667
2024-03-26 17:15:38.752760 ; 1720
2024-03-26 17:15:38.754535 ; 1776
2024-03-26 17:15:38.756518 ; 1822
2024-03-26 17:15:38.758612 ; 1864
2024-03-26 17:15:38.760555 ; 1887
2024-03-26 17:15:38.762554 ; 1908
2024-03-26 17:15:38.764608 ; 1926
2024-03-26 17:15:38.766741 ; 1948
2024-03-26 17:15:38.768650 ; 1959
2024-03-26 17:15:38.770605 ; 1968
2024-03-26 17:15:38.772582 ; 1967
2024-03-26 17:15:38.774829 ; 1960
2024-03-26 17:15:38.776678 ; 1952
2024-03-26 17:15:38.778678 ; 1949
2024-03-26 17:15:38.780708 ; 1955
2024-03-26 17:15:38.782726 ; 1964
2024-03-26 17:15:38.784863 ; 1969
2024-03-26 17:15:38.786763 ; 1978
2024-03-26 17:15:38.788685 ; 1970
2024-03-26 17:15:38.790797 ; 1964
2024-03-26 17:15:38.792772 ; 1957
2024-03-26 17:15:38.794733 ; 1951
2024-03-26 17:15:38.796814 ; 1956
2024-03-26 17:15:38.798887 ; 1962
2024-03-26 17:15:38.800908 ; 1974
2024-03-26 17:15:38.803073 ; 1974
2024-03-26 17:15:38.804832 ; 1974
2024-03-26 17:15:38.806800 ; 1975
2024-03-26 17:15:38.808906 ; 1974
2024-03-26 17:15:38.810861 ; 1981
2024-03-26 17:15:38.812978 ; 1979
2024-03-26 17:15:38.814970 ; 1991
2024-03-26 17:15:38.817046 ; 1997
2024-03-26 17:15:38.819081 ; 2001
2024-03-26 17:15:38.820904 ; 2009
2024-03-26 17:15:38.822850 ; 2019
2024-03-26 17:15:38.825009 ; 2033
2024-03-26 17:15:38.826976 ; 2042
2024-03-26 17:15:38.829036 ; 2059
2024-03-26 17:15:38.830966 ; 2074
2024-03-26 17:15:38.833007 ; 2079
2024-03-26 17:15:38.835116 ; 2069
2024-03-26 17:15:38.837042 ; 2060
2024-03-26 17:15:38.838937 ; 2050
2024-03-26 17:15:38.840961 ; 2040
2024-03-26 17:15:38.843076 ; 2038
2024-03-26 17:15:38.844994 ; 2042
2024-03-26 17:15:38.847025 ; 2053
2024-03-26 17:15:38.849059 ; 2066
2024-03-26 17:15:38.851172 ; 2078
2024-03-26 17:15:38.853055 ; 2091
2024-03-26 17:15:38.855006 ; 2109
2024-03-26 17:15:38.857046 ; 2109
2024-03-26 17:15:38.859116 ; 2098
2024-03-26 17:15:38.861077 ; 2079
2024-03-26 17:15:38.863205 ; 2058
2024-03-26 17:15:38.865320 ; 2039
2024-03-26 17:15:38.867334 ; 2021
2024-03-26 17:15:38.869428 ; 2015
2024-03-26 17:15:38.871180 ; 2017
2024-03-26 17:15:38.873149 ; 2020
2024-03-26 17:15:38.875277 ; 2018
2024-03-26 17:15:38.877220 ; 2020
2024-03-26 17:15:38.879227 ; 2013
2024-03-26 17:15:38.881228 ; 2013
2024-03-26 17:15:38.883424 ; 2020
2024-03-26 17:15:38.885423 ; 2027
2024-03-26 17:15:38.887273 ; 2041
2024-03-26 17:15:38.889196 ; 2053
2024-03-26 17:15:38.891247 ; 2056
2024-03-26 17:15:38.893279 ; 2056
2024-03-26 17:15:38.895290 ; 2058
2024-03-26 17:15:38.897306 ; 2053
2024-03-26 17:15:38.899307 ; 2042
2024-03-26 17:15:38.901410 ; 2041
2024-03-26 17:15:38.903353 ; 2044
2024-03-26 17:15:38.905336 ; 2044
2024-03-26 17:15:38.907303 ; 2051
2024-03-26 17:15:38.909398 ; 2062
2024-03-26 17:15:38.911394 ; 2073
2024-03-26 17:15:38.913466 ; 2087
2024-03-26 17:15:38.915498 ; 2097
2024-03-26 17:15:38.917612 ; 2105
2024-03-26 17:15:38.919733 ; 2099
2024-03-26 17:15:38.921450 ; 2091
2024-03-26 17:15:38.923429 ; 2088
2024-03-26 17:15:38.925558 ; 2076
2024-03-26 17:15:38.927483 ; 2064
2024-03-26 17:15:38.929471 ; 2053
2024-03-26 17:15:38.931474 ; 2034
2024-03-26 17:15:38.933668 ; 2020
2024-03-26 17:15:38.935624 ; 2020
2024-03-26 17:15:38.937505 ; 2015
2024-03-26 17:15:38.939488 ; 2016
2024-03-26 17:15:38.941729 ; 2025
2024-03-26 17:15:38.943563 ; 2032
2024-03-26 17:15:38.945581 ; 2042
2024-03-26 17:15:38.947547 ; 2053
2024-03-26 17:15:38.949729 ; 2067
2024-03-26 17:15:38.951768 ; 2074
2024-03-26 17:15:38.953704 ; 2080
2024-03-26 17:15:38.955841 ; 2085
2024-03-26 17:15:38.957644 ; 2097
2024-03-26 17:15:38.959681 ; 2111
2024-03-26 17:15:38.961663 ; 2122
2024-03-26 17:15:38.963663 ; 2132
2024-03-26 17:15:38.965626 ; 2144
2024-03-26 17:15:38.967729 ; 2153
2024-03-26 17:15:38.969743 ; 2161
2024-03-26 17:15:38.971587 ; 2167
2024-03-26 17:15:38.973609 ; 2168
2024-03-26 17:15:38.975740 ; 2171
2024-03-26 17:15:38.977717 ; 2177
2024-03-26 17:15:38.979718 ; 2188
2024-03-26 17:15:38.981717 ; 2206
2024-03-26 17:15:38.983949 ; 2222
2024-03-26 17:15:38.985898 ; 2242
2024-03-26 17:15:38.987795 ; 2262
2024-03-26 17:15:38.989737 ; 2274
2024-03-26 17:15:38.991791 ; 2282
2024-03-26 17:15:38.993729 ; 2285
2024-03-26 17:15:38.995786 ; 2285
2024-03-26 17:15:38.997746 ; 2286
2024-03-26 17:15:38.999909 ; 2284
2024-03-26 17:15:39.001854 ; 2282
2024-03-26 17:15:39.003844 ; 2286
2024-03-26 17:15:39.005775 ; 2292
2024-03-26 17:15:39.007835 ; 2303
2024-03-26 17:15:39.009923 ; 2313
2024-03-26 17:15:39.011905 ; 2324
2024-03-26 17:15:39.013919 ; 2323
2024-03-26 17:15:39.015919 ; 2312
2024-03-26 17:15:39.018029 ; 2301
2024-03-26 17:15:39.019961 ; 2283
2024-03-26 17:15:39.021903 ; 2272
2024-03-26 17:15:39.023870 ; 2261
2024-03-26 17:15:39.026005 ; 2267
2024-03-26 17:15:39.027977 ; 2278
2024-03-26 17:15:39.029992 ; 2286
2024-03-26 17:15:39.032045 ; 2297
2024-03-26 17:15:39.034241 ; 2304
2024-03-26 17:15:39.036234 ; 2319
2024-03-26 17:15:39.037999 ; 2325
2024-03-26 17:15:39.040076 ; 2331
2024-03-26 17:15:39.042172 ; 2343
2024-03-26 17:15:39.044074 ; 2353
2024-03-26 17:15:39.046073 ; 2356
2024-03-26 17:15:39.048067 ; 2368
2024-03-26 17:15:39.050233 ; 2373
2024-03-26 17:15:39.052195 ; 2371
2024-03-26 17:15:39.054193 ; 2371
2024-03-26 17:15:39.056200 ; 2376
2024-03-26 17:15:39.058205 ; 2369
2024-03-26 17:15:39.060180 ; 2369
2024-03-26 17:15:39.062199 ; 2368
2024-03-26 17:15:39.064171 ; 2374
2024-03-26 17:15:39.066208 ; 2377
2024-03-26 17:15:39.068248 ; 2378
2024-03-26 17:15:39.070194 ; 2384
2024-03-26 17:15:39.072195 ; 2389
2024-03-26 17:15:39.074293 ; 2394
2024-03-26 17:15:39.076225 ; 2398
2024-03-26 17:15:39.078202 ; 2399
2024-03-26 17:15:39.080255 ; 2402
2024-03-26 17:15:39.082270 ; 2400
2024-03-26 17:15:39.084388 ; 2398
2024-03-26 17:15:39.086295 ; 2392
2024-03-26 17:15:39.088221 ; 2385
2024-03-26 17:15:39.090198 ; 2380
2024-03-26 17:15:39.092364 ; 2377
2024-03-26 17:15:39.094284 ; 2382
2024-03-26 17:15:39.096341 ; 2388
2024-03-26 17:15:39.098329 ; 2396
2024-03-26 17:15:39.100324 ; 2390
2024-03-26 17:15:39.102578 ; 2388
2024-03-26 17:15:39.104310 ; 2384
2024-03-26 17:15:39.106359 ; 2384
2024-03-26 17:15:39.108468 ; 2388
2024-03-26 17:15:39.110338 ; 2394
2024-03-26 17:15:39.112332 ; 2398
2024-03-26 17:15:39.114384 ; 2394
2024-03-26 17:15:39.116616 ; 2399
2024-03-26 17:15:39.118421 ; 2406
2024-03-26 17:15:39.120444 ; 2418
2024-03-26 17:15:39.122384 ; 2423
2024-03-26 17:15:39.124516 ; 2428
2024-03-26 17:15:39.126587 ; 2431
2024-03-26 17:15:39.128491 ; 2429
2024-03-26 17:15:39.130477 ; 2416
2024-03-26 17:15:39.132477 ; 2411
2024-03-26 17:15:39.134578 ; 2407
2024-03-26 17:15:39.136482 ; 2404
2024-03-26 17:15:39.138488 ; 2408
2024-03-26 17:15:39.140502 ; 2408
2024-03-26 17:15:39.142549 ; 2416
2024-03-26 17:15:39.144501 ; 2422
2024-03-26 17:15:39.146545 ; 2424
2024-03-26 17:15:39.148608 ; 2432
2024-03-26 17:15:39.150700 ; 2430
2024-03-26 17:15:39.152767 ; 2412
2024-03-26 17:15:39.154558 ; 2383
2024-03-26 17:15:39.156525 ; 2347
2024-03-26 17:15:39.158732 ; 2314
2024-03-26 17:15:39.160655 ; 2290
2024-03-26 17:15:39.162659 ; 2275
2024-03-26 17:15:39.164671 ; 2264
2024-03-26 17:15:39.166817 ; 2252
2024-03-26 17:15:39.168756 ; 2244
2024-03-26 17:15:39.170755 ; 2240
2024-03-26 17:15:39.172692 ; 2238
2024-03-26 17:15:39.174767 ; 2240
2024-03-26 17:15:39.176779 ; 2246
2024-03-26 17:15:39.178766 ; 2248
2024-03-26 17:15:39.180719 ; 2251
2024-03-26 17:15:39.182788 ; 2251
2024-03-26 17:15:39.184869 ; 2254
2024-03-26 17:15:39.186761 ; 2247
2024-03-26 17:15:39.188700 ; 2250
2024-03-26 17:15:39.190840 ; 2244
2024-03-26 17:15:39.192861 ; 2232
2024-03-26 17:15:39.194825 ; 2220
2024-03-26 17:15:39.196857 ; 2212
2024-03-26 17:15:39.198834 ; 2212
2024-03-26 17:15:39.200951 ; 2206
2024-03-26 17:15:39.203122 ; 2213
2024-03-26 17:15:39.204802 ; 2222
2024-03-26 17:15:39.206861 ; 2224
2024-03-26 17:15:39.208958 ; 2233
2024-03-26 17:15:39.210943 ; 2250
2024-03-26 17:15:39.212915 ; 2259
2024-03-26 17:15:39.214960 ; 2266
2024-03-26 17:15:39.217046 ; 2267
2024-03-26 17:15:39.219121 ; 2277
2024-03-26 17:15:39.220937 ; 2286
2024-03-26 17:15:39.222976 ; 2292
2024-03-26 17:15:39.225127 ; 2295
2024-03-26 17:15:39.227025 ; 2291
2024-03-26 17:15:39.228992 ; 2284
2024-03-26 17:15:39.230993 ; 2269
2024-03-26 17:15:39.233040 ; 2239
2024-03-26 17:15:39.235154 ; 2223
2024-03-26 17:15:39.237046 ; 2207
2024-03-26 17:15:39.238963 ; 2207
2024-03-26 17:15:39.241072 ; 2213
2024-03-26 17:15:39.243130 ; 2218
2024-03-26 17:15:39.245083 ; 2236
2024-03-26 17:15:39.247061 ; 2257
2024-03-26 17:15:39.249097 ; 2285
2024-03-26 17:15:39.251139 ; 2323
2024-03-26 17:15:39.253050 ; 2354
2024-03-26 17:15:39.255038 ; 2379
2024-03-26 17:15:39.257123 ; 2380
2024-03-26 17:15:39.259193 ; 2359
2024-03-26 17:15:39.261084 ; 2303
2024-03-26 17:15:39.263177 ; 2212
2024-03-26 17:15:39.265184 ; 2063
2024-03-26 17:15:39.267247 ; 1872
2024-03-26 17:15:39.269393 ; 1649
2024-03-26 17:15:39.271126 ; 1389
2024-03-26 17:15:39.273138 ; 1113
2024-03-26 17:15:39.275327 ; 839
2024-03-26 17:15:39.277214 ; 585
2024-03-26 17:15:39.279170 ; 363
2024-03-26 17:15:39.281276 ; 180
2024-03-26 17:15:39.283334 ; 51
2024-03-26 17:15:39.285261 ; 14
2024-03-26 17:15:39.287261 ; 43
2024-03-26 17:15:39.289241 ; 187
2024-03-26 17:15:39.291272 ; 420
2024-03-26 17:15:39.293375 ; 747
2024-03-26 17:15:39.295335 ; 1124
2024-03-26 17:15:39.297404 ; 1482
2024-03-26 17:15:39.299369 ; 1784
2024-03-26 17:15:39.301474 ; 1997
2024-03-26 17:15:39.303345 ; 2136
2024-03-26 17:15:39.305283 ; 2236
2024-03-26 17:15:39.307277 ; 2303
2024-03-26 17:15:39.309379 ; 2363
2024-03-26 17:15:39.311333 ; 2399
2024-03-26 17:15:39.313386 ; 2439
2024-03-26 17:15:39.315427 ; 2469
2024-03-26 17:15:39.317629 ; 2498
2024-03-26 17:15:39.319621 ; 2527
2024-03-26 17:15:39.321384 ; 2558
2024-03-26 17:15:39.323348 ; 2583
2024-03-26 17:15:39.325531 ; 2615
2024-03-26 17:15:39.327480 ; 2638
2024-03-26 17:15:39.329458 ; 2652
2024-03-26 17:15:39.331547 ; 2650
2024-03-26 17:15:39.333708 ; 2638
2024-03-26 17:15:39.335613 ; 2628
2024-03-26 17:15:39.337593 ; 2619
2024-03-26 17:15:39.339518 ; 2612
2024-03-26 17:15:39.341593 ; 2599
2024-03-26 17:15:39.343621 ; 2608
2024-03-26 17:15:39.345627 ; 2606
2024-03-26 17:15:39.347634 ; 2612
2024-03-26 17:15:39.349617 ; 2617
2024-03-26 17:15:39.351768 ; 2618
2024-03-26 17:15:39.353605 ; 2622
2024-03-26 17:15:39.355556 ; 2624
2024-03-26 17:15:39.357606 ; 2632
2024-03-26 17:15:39.359705 ; 2638
2024-03-26 17:15:39.361675 ; 2645
2024-03-26 17:15:39.363648 ; 2645
2024-03-26 17:15:39.365678 ; 2645
2024-03-26 17:15:39.367863 ; 2644
2024-03-26 17:15:39.369814 ; 2650
2024-03-26 17:15:39.371632 ; 2659
2024-03-26 17:15:39.373635 ; 2663
2024-03-26 17:15:39.375730 ; 2668
2024-03-26 17:15:39.377652 ; 2665
2024-03-26 17:15:39.379751 ; 2662
2024-03-26 17:15:39.381791 ; 2655
2024-03-26 17:15:39.383835 ; 2640
2024-03-26 17:15:39.385995 ; 2622
2024-03-26 17:15:39.387707 ; 2603
2024-03-26 17:15:39.389729 ; 2588
2024-03-26 17:15:39.391947 ; 2580
2024-03-26 17:15:39.393822 ; 2575
2024-03-26 17:15:39.395781 ; 2571
2024-03-26 17:15:39.397804 ; 2569
2024-03-26 17:15:39.399892 ; 2556
2024-03-26 17:15:39.401902 ; 2545
2024-03-26 17:15:39.403837 ; 2523
2024-03-26 17:15:39.405867 ; 2495
2024-03-26 17:15:39.407915 ; 2475
2024-03-26 17:15:39.409922 ; 2462
2024-03-26 17:15:39.411890 ; 2454
2024-03-26 17:15:39.413963 ; 2445
2024-03-26 17:15:39.415982 ; 2442
2024-03-26 17:15:39.418071 ; 2444
2024-03-26 17:15:39.420041 ; 2438
2024-03-26 17:15:39.421954 ; 2428
2024-03-26 17:15:39.423967 ; 2427
2024-03-26 17:15:39.426123 ; 2412
2024-03-26 17:15:39.427978 ; 2408
2024-03-26 17:15:39.430005 ; 2398
2024-03-26 17:15:39.432000 ; 2389
2024-03-26 17:15:39.434123 ; 2390
2024-03-26 17:15:39.436253 ; 2369
2024-03-26 17:15:39.438089 ; 2356
2024-03-26 17:15:39.440041 ; 2349
2024-03-26 17:15:39.442108 ; 2339
2024-03-26 17:15:39.444046 ; 2325
2024-03-26 17:15:39.446033 ; 2303
2024-03-26 17:15:39.448059 ; 2291
2024-03-26 17:15:39.450257 ; 2279
2024-03-26 17:15:39.452168 ; 2260
2024-03-26 17:15:39.454126 ; 2246
2024-03-26 17:15:39.456067 ; 2232
2024-03-26 17:15:39.458202 ; 2221
2024-03-26 17:15:39.460202 ; 2212
2024-03-26 17:15:39.462205 ; 2211
2024-03-26 17:15:39.464222 ; 2213
2024-03-26 17:15:39.466182 ; 2212
2024-03-26 17:15:39.468310 ; 2213
2024-03-26 17:15:39.470169 ; 2202
2024-03-26 17:15:39.472139 ; 2192
2024-03-26 17:15:39.474243 ; 2188
2024-03-26 17:15:39.476294 ; 2181
2024-03-26 17:15:39.478271 ; 2166
2024-03-26 17:15:39.480264 ; 2156
2024-03-26 17:15:39.482334 ; 2158
2024-03-26 17:15:39.484453 ; 2160
2024-03-26 17:15:39.486414 ; 2164
2024-03-26 17:15:39.488224 ; 2169
2024-03-26 17:15:39.490300 ; 2171
2024-03-26 17:15:39.492343 ; 2171
2024-03-26 17:15:39.494273 ; 2169
2024-03-26 17:15:39.496316 ; 2161
2024-03-26 17:15:39.498401 ; 2157
2024-03-26 17:15:39.500439 ; 2151
2024-03-26 17:15:39.502662 ; 2153
2024-03-26 17:15:39.504298 ; 2151
2024-03-26 17:15:39.506306 ; 2157
2024-03-26 17:15:39.508543 ; 2162
2024-03-26 17:15:39.510418 ; 2165
2024-03-26 17:15:39.512494 ; 2167
2024-03-26 17:15:39.514431 ; 2172
2024-03-26 17:15:39.516417 ; 2175
2024-03-26 17:15:39.518547 ; 2176
2024-03-26 17:15:39.520469 ; 2178
2024-03-26 17:15:39.522474 ; 2175
2024-03-26 17:15:39.524549 ; 2169
2024-03-26 17:15:39.526539 ; 2166
2024-03-26 17:15:39.528517 ; 2155
2024-03-26 17:15:39.530515 ; 2149
2024-03-26 17:15:39.532540 ; 2137
2024-03-26 17:15:39.534710 ; 2133
2024-03-26 17:15:39.536594 ; 2132
2024-03-26 17:15:39.538590 ; 2133
2024-03-26 17:15:39.540686 ; 2138
2024-03-26 17:15:39.542652 ; 2141
2024-03-26 17:15:39.544594 ; 2150
2024-03-26 17:15:39.546616 ; 2161
2024-03-26 17:15:39.548618 ; 2177
2024-03-26 17:15:39.550734 ; 2190
2024-03-26 17:15:39.552816 ; 2197
2024-03-26 17:15:39.554600 ; 2213
2024-03-26 17:15:39.556566 ; 2222
2024-03-26 17:15:39.558699 ; 2222
2024-03-26 17:15:39.560661 ; 2213
2024-03-26 17:15:39.562647 ; 2216
2024-03-26 17:15:39.564683 ; 2198
2024-03-26 17:15:39.566795 ; 2193
2024-03-26 17:15:39.568710 ; 2183
2024-03-26 17:15:39.570718 ; 2178
2024-03-26 17:15:39.572684 ; 2166
2024-03-26 17:15:39.574893 ; 2158
2024-03-26 17:15:39.576792 ; 2153
2024-03-26 17:15:39.578742 ; 2146
2024-03-26 17:15:39.580779 ; 2144
2024-03-26 17:15:39.582807 ; 2144
2024-03-26 17:15:39.584951 ; 2138
2024-03-26 17:15:39.586846 ; 2136
2024-03-26 17:15:39.588824 ; 2124
2024-03-26 17:15:39.590960 ; 2118
2024-03-26 17:15:39.592855 ; 2111
2024-03-26 17:15:39.594804 ; 2107
2024-03-26 17:15:39.596848 ; 2098
2024-03-26 17:15:39.598861 ; 2090
2024-03-26 17:15:39.601048 ; 2086
2024-03-26 17:15:39.602986 ; 2082
2024-03-26 17:15:39.604850 ; 2074
2024-03-26 17:15:39.606880 ; 2072
2024-03-26 17:15:39.609011 ; 2068
2024-03-26 17:15:39.610873 ; 2063
2024-03-26 17:15:39.612927 ; 2054
2024-03-26 17:15:39.614904 ; 2052
2024-03-26 17:15:39.617068 ; 2047
2024-03-26 17:15:39.618945 ; 2040
2024-03-26 17:15:39.620905 ; 2035
2024-03-26 17:15:39.622909 ; 2007
2024-03-26 17:15:39.625064 ; 1987
2024-03-26 17:15:39.626996 ; 1970
2024-03-26 17:15:39.629017 ; 1958
2024-03-26 17:15:39.631045 ; 1956
2024-03-26 17:15:39.633047 ; 1953
2024-03-26 17:15:39.635082 ; 1949
2024-03-26 17:15:39.637059 ; 1948
2024-03-26 17:15:39.639012 ; 1945
2024-03-26 17:15:39.641024 ; 1947
2024-03-26 17:15:39.643063 ; 1947
2024-03-26 17:15:39.645145 ; 1940
2024-03-26 17:15:39.647156 ; 1935
2024-03-26 17:15:39.649073 ; 1930
2024-03-26 17:15:39.651267 ; 1929
2024-03-26 17:15:39.653093 ; 1921
2024-03-26 17:15:39.655098 ; 1911
2024-03-26 17:15:39.657082 ; 1898
2024-03-26 17:15:39.659222 ; 1888
2024-03-26 17:15:39.661192 ; 1880
2024-03-26 17:15:39.663206 ; 1875
2024-03-26 17:15:39.665278 ; 1867
2024-03-26 17:15:39.667241 ; 1865
2024-03-26 17:15:39.669388 ; 1857
2024-03-26 17:15:39.671185 ; 1855
2024-03-26 17:15:39.673141 ; 1853
2024-03-26 17:15:39.675383 ; 1844
2024-03-26 17:15:39.677276 ; 1841
2024-03-26 17:15:39.679253 ; 1842
2024-03-26 17:15:39.681291 ; 1841
2024-03-26 17:15:39.683464 ; 1843
2024-03-26 17:15:39.685371 ; 1845
2024-03-26 17:15:39.687345 ; 1852
2024-03-26 17:15:39.689276 ; 1849
2024-03-26 17:15:39.691342 ; 1847
2024-03-26 17:15:39.693377 ; 1848
2024-03-26 17:15:39.695331 ; 1849
2024-03-26 17:15:39.697397 ; 1853
2024-03-26 17:15:39.699337 ; 1862
2024-03-26 17:15:39.701495 ; 1864
2024-03-26 17:15:39.703384 ; 1865
2024-03-26 17:15:39.705351 ; 1866
2024-03-26 17:15:39.707338 ; 1863
2024-03-26 17:15:39.709496 ; 1855
2024-03-26 17:15:39.711446 ; 1855
2024-03-26 17:15:39.713424 ; 1847
2024-03-26 17:15:39.715475 ; 1837
2024-03-26 17:15:39.717651 ; 1831
2024-03-26 17:15:39.719624 ; 1821
2024-03-26 17:15:39.721510 ; 1821
2024-03-26 17:15:39.723584 ; 1834
2024-03-26 17:15:39.725521 ; 1838
2024-03-26 17:15:39.727516 ; 1843
2024-03-26 17:15:39.729549 ; 1840
2024-03-26 17:15:39.731541 ; 1836
2024-03-26 17:15:39.733636 ; 1837
2024-03-26 17:15:39.735763 ; 1829
2024-03-26 17:15:39.737519 ; 1818
2024-03-26 17:15:39.739541 ; 1816
2024-03-26 17:15:39.741660 ; 1814
2024-03-26 17:15:39.743648 ; 1821
2024-03-26 17:15:39.745625 ; 1821
2024-03-26 17:15:39.747639 ; 1830
2024-03-26 17:15:39.749674 ; 1841
2024-03-26 17:15:39.751720 ; 1851
2024-03-26 17:15:39.753637 ; 1864
2024-03-26 17:15:39.755610 ; 1875
2024-03-26 17:15:39.757626 ; 1884
2024-03-26 17:15:39.759671 ; 1899
2024-03-26 17:15:39.761625 ; 1905
2024-03-26 17:15:39.763659 ; 1906
2024-03-26 17:15:39.765699 ; 1903
2024-03-26 17:15:39.767884 ; 1901
2024-03-26 17:15:39.769710 ; 1904
2024-03-26 17:15:39.771658 ; 1905
2024-03-26 17:15:39.773642 ; 1898
2024-03-26 17:15:39.775834 ; 1885
2024-03-26 17:15:39.777775 ; 1876
2024-03-26 17:15:39.779786 ; 1870
2024-03-26 17:15:39.781757 ; 1862
2024-03-26 17:15:39.783870 ; 1856
2024-03-26 17:15:39.786004 ; 1851
2024-03-26 17:15:39.787769 ; 1848
2024-03-26 17:15:39.789753 ; 1849
2024-03-26 17:15:39.791887 ; 1853
2024-03-26 17:15:39.793751 ; 1870
2024-03-26 17:15:39.795823 ; 1895
2024-03-26 17:15:39.797837 ; 1924
2024-03-26 17:15:39.800144 ; 1946
2024-03-26 17:15:39.801964 ; 1957
2024-03-26 17:15:39.803928 ; 1946
2024-03-26 17:15:39.805887 ; 1904
2024-03-26 17:15:39.807942 ; 1809
2024-03-26 17:15:39.809979 ; 1656
2024-03-26 17:15:39.811947 ; 1472
2024-03-26 17:15:39.813928 ; 1260
2024-03-26 17:15:39.815920 ; 1028
2024-03-26 17:15:39.818050 ; 766
2024-03-26 17:15:39.820061 ; 506
2024-03-26 17:15:39.822016 ; 266
2024-03-26 17:15:39.823986 ; 57
2024-03-26 17:15:39.826075 ; 15
2024-03-26 17:15:39.827980 ; 14
2024-03-26 17:15:39.830022 ; 16
2024-03-26 17:15:39.832119 ; 16
2024-03-26 17:15:39.834204 ; 3
2024-03-26 17:15:39.836396 ; 35
2024-03-26 17:15:39.838092 ; 287
2024-03-26 17:15:39.840313 ; 647
2024-03-26 17:15:39.842219 ; 1007
2024-03-26 17:15:39.844139 ; 1310
2024-03-26 17:15:39.846122 ; 1548
2024-03-26 17:15:39.848082 ; 1722
2024-03-26 17:15:39.850276 ; 1850
2024-03-26 17:15:39.852156 ; 1943
2024-03-26 17:15:39.854133 ; 2020
2024-03-26 17:15:39.856049 ; 2095
2024-03-26 17:15:39.858213 ; 2150
2024-03-26 17:15:39.860177 ; 2195
2024-03-26 17:15:39.862233 ; 2233
2024-03-26 17:15:39.864215 ; 2260
2024-03-26 17:15:39.866241 ; 2281
2024-03-26 17:15:39.868383 ; 2299
2024-03-26 17:15:39.870230 ; 2309
2024-03-26 17:15:39.872187 ; 2309
2024-03-26 17:15:39.874241 ; 2310
2024-03-26 17:15:39.876307 ; 2306
2024-03-26 17:15:39.878267 ; 2301
2024-03-26 17:15:39.880320 ; 2296
2024-03-26 17:15:39.882352 ; 2302
2024-03-26 17:15:39.884362 ; 2305
2024-03-26 17:15:39.886258 ; 2308
2024-03-26 17:15:39.888326 ; 2307
2024-03-26 17:15:39.890305 ; 2304
2024-03-26 17:15:39.892394 ; 2303
2024-03-26 17:15:39.894374 ; 2313
2024-03-26 17:15:39.896387 ; 2308
2024-03-26 17:15:39.898400 ; 2300
2024-03-26 17:15:39.900439 ; 2291
2024-03-26 17:15:39.902582 ; 2281
2024-03-26 17:15:39.904345 ; 2271
2024-03-26 17:15:39.906382 ; 2272
2024-03-26 17:15:39.908583 ; 2272
2024-03-26 17:15:39.910395 ; 2263
2024-03-26 17:15:39.912359 ; 2253
2024-03-26 17:15:39.914490 ; 2244
2024-03-26 17:15:39.916615 ; 2233
2024-03-26 17:15:39.918515 ; 2230
2024-03-26 17:15:39.920446 ; 2235
2024-03-26 17:15:39.922452 ; 2244
2024-03-26 17:15:39.924499 ; 2249
2024-03-26 17:15:39.926568 ; 2251
2024-03-26 17:15:39.928562 ; 2247
2024-03-26 17:15:39.930524 ; 2240
2024-03-26 17:15:39.932546 ; 2236
2024-03-26 17:15:39.934610 ; 2235
2024-03-26 17:15:39.936543 ; 2242
2024-03-26 17:15:39.938555 ; 2238
2024-03-26 17:15:39.940544 ; 2237
2024-03-26 17:15:39.942629 ; 2237
2024-03-26 17:15:39.944537 ; 2239
2024-03-26 17:15:39.946639 ; 2236
2024-03-26 17:15:39.948709 ; 2224
2024-03-26 17:15:39.950711 ; 2216
2024-03-26 17:15:39.952895 ; 2219
2024-03-26 17:15:39.954623 ; 2219
2024-03-26 17:15:39.956650 ; 2223
2024-03-26 17:15:39.958726 ; 2224
2024-03-26 17:15:39.960649 ; 2221
2024-03-26 17:15:39.962684 ; 2224
2024-03-26 17:15:39.964715 ; 2233
2024-03-26 17:15:39.966888 ; 2236
2024-03-26 17:15:39.968746 ; 2241
2024-03-26 17:15:39.970723 ; 2234
2024-03-26 17:15:39.972714 ; 2228
2024-03-26 17:15:39.974799 ; 2217
2024-03-26 17:15:39.976782 ; 2204
2024-03-26 17:15:39.978863 ; 2197
2024-03-26 17:15:39.980784 ; 2194
2024-03-26 17:15:39.982803 ; 2200
2024-03-26 17:15:39.984905 ; 2206
2024-03-26 17:15:39.986831 ; 2219
2024-03-26 17:15:39.988816 ; 2224
2024-03-26 17:15:39.990831 ; 2224
2024-03-26 17:15:39.992921 ; 2228
2024-03-26 17:15:39.994862 ; 2228
2024-03-26 17:15:39.996960 ; 2219
2024-03-26 17:15:39.998908 ; 2204
2024-03-26 17:15:40.001073 ; 2194
2024-03-26 17:15:40.003143 ; 2181
2024-03-26 17:15:40.004860 ; 2171
2024-03-26 17:15:40.006890 ; 2159
2024-03-26 17:15:40.008951 ; 2148
2024-03-26 17:15:40.010913 ; 2135
2024-03-26 17:15:40.012940 ; 2123
2024-03-26 17:15:40.014969 ; 2120
2024-03-26 17:15:40.017131 ; 2115
2024-03-26 17:15:40.018967 ; 2113
2024-03-26 17:15:40.020997 ; 2112
2024-03-26 17:15:40.022936 ; 2112
2024-03-26 17:15:40.025163 ; 2115
2024-03-26 17:15:40.027067 ; 2120
2024-03-26 17:15:40.029057 ; 2123
2024-03-26 17:15:40.031044 ; 2127
2024-03-26 17:15:40.033173 ; 2126
2024-03-26 17:15:40.035080 ; 2118
2024-03-26 17:15:40.037069 ; 2112
2024-03-26 17:15:40.039046 ; 2111
2024-03-26 17:15:40.041083 ; 2120
2024-03-26 17:15:40.043158 ; 2139
2024-03-26 17:15:40.045149 ; 2154
2024-03-26 17:15:40.047149 ; 2158
2024-03-26 17:15:40.049167 ; 2175
2024-03-26 17:15:40.051334 ; 2179
2024-03-26 17:15:40.053208 ; 2190
2024-03-26 17:15:40.055185 ; 2202
2024-03-26 17:15:40.057190 ; 2221
2024-03-26 17:15:40.059250 ; 2245
2024-03-26 17:15:40.061221 ; 2259
2024-03-26 17:15:40.063223 ; 2284
2024-03-26 17:15:40.065317 ; 2307
2024-03-26 17:15:40.067347 ; 2324
2024-03-26 17:15:40.069476 ; 2347
2024-03-26 17:15:40.071455 ; 2365
2024-03-26 17:15:40.073384 ; 2386
2024-03-26 17:15:40.075343 ; 2397
2024-03-26 17:15:40.077305 ; 2406
2024-03-26 17:15:40.079324 ; 2414
2024-03-26 17:15:40.081335 ; 2423
2024-03-26 17:15:40.083436 ; 2436
2024-03-26 17:15:40.085353 ; 2443
2024-03-26 17:15:40.087335 ; 2447
2024-03-26 17:15:40.089308 ; 2447
2024-03-26 17:15:40.091327 ; 2449
2024-03-26 17:15:40.093377 ; 2450
2024-03-26 17:15:40.095354 ; 2449
2024-03-26 17:15:40.097411 ; 2448
2024-03-26 17:15:40.099397 ; 2457
2024-03-26 17:15:40.101529 ; 2466
2024-03-26 17:15:40.103450 ; 2476
2024-03-26 17:15:40.105427 ; 2480
2024-03-26 17:15:40.107544 ; 2480
2024-03-26 17:15:40.109552 ; 2488
2024-03-26 17:15:40.111481 ; 2497
2024-03-26 17:15:40.113470 ; 2518
2024-03-26 17:15:40.115531 ; 2537
2024-03-26 17:15:40.117535 ; 2559
2024-03-26 17:15:40.119765 ; 2575
2024-03-26 17:15:40.121451 ; 2582
2024-03-26 17:15:40.123416 ; 2581
2024-03-26 17:15:40.125617 ; 2575
2024-03-26 17:15:40.127552 ; 2567
2024-03-26 17:15:40.129575 ; 2564
2024-03-26 17:15:40.131582 ; 2559
2024-03-26 17:15:40.133693 ; 2565
2024-03-26 17:15:40.135804 ; 2567
2024-03-26 17:15:40.137682 ; 2579
2024-03-26 17:15:40.139607 ; 2589
2024-03-26 17:15:40.141711 ; 2611
2024-03-26 17:15:40.143606 ; 2621
2024-03-26 17:15:40.145589 ; 2637
2024-03-26 17:15:40.147656 ; 2629
2024-03-26 17:15:40.149783 ; 2619
2024-03-26 17:15:40.151735 ; 2602
2024-03-26 17:15:40.153683 ; 2589
2024-03-26 17:15:40.155579 ; 2579
2024-03-26 17:15:40.157647 ; 2580
2024-03-26 17:15:40.159772 ; 2577
2024-03-26 17:15:40.161723 ; 2574
2024-03-26 17:15:40.163724 ; 2574
2024-03-26 17:15:40.165741 ; 2575
2024-03-26 17:15:40.167830 ; 2578
2024-03-26 17:15:40.169799 ; 2588
2024-03-26 17:15:40.171773 ; 2593
2024-03-26 17:15:40.173787 ; 2590
2024-03-26 17:15:40.175908 ; 2582
2024-03-26 17:15:40.177797 ; 2564
2024-03-26 17:15:40.179845 ; 2555
2024-03-26 17:15:40.181848 ; 2550
2024-03-26 17:15:40.183893 ; 2543
2024-03-26 17:15:40.186013 ; 2540
2024-03-26 17:15:40.187801 ; 2539
2024-03-26 17:15:40.189826 ; 2539
2024-03-26 17:15:40.192062 ; 2538
2024-03-26 17:15:40.193922 ; 2525
2024-03-26 17:15:40.195936 ; 2516
2024-03-26 17:15:40.198000 ; 2514
2024-03-26 17:15:40.200034 ; 2510
2024-03-26 17:15:40.202054 ; 2513
2024-03-26 17:15:40.203964 ; 2519
2024-03-26 17:15:40.205904 ; 2531
2024-03-26 17:15:40.207959 ; 2543
2024-03-26 17:15:40.210033 ; 2558
2024-03-26 17:15:40.211985 ; 2560
2024-03-26 17:15:40.214008 ; 2567
2024-03-26 17:15:40.216016 ; 2575
2024-03-26 17:15:40.218220 ; 2574
2024-03-26 17:15:40.220035 ; 2573
2024-03-26 17:15:40.222049 ; 2562
2024-03-26 17:15:40.224096 ; 2559
2024-03-26 17:15:40.226101 ; 2558
2024-03-26 17:15:40.228057 ; 2555
2024-03-26 17:15:40.230070 ; 2549
2024-03-26 17:15:40.232112 ; 2553
2024-03-26 17:15:40.234133 ; 2552
2024-03-26 17:15:40.236371 ; 2553
2024-03-26 17:15:40.238070 ; 2554
2024-03-26 17:15:40.240007 ; 2556
2024-03-26 17:15:40.242145 ; 2558
2024-03-26 17:15:40.244078 ; 2559
2024-03-26 17:15:40.246178 ; 2551
2024-03-26 17:15:40.248152 ; 2560
2024-03-26 17:15:40.250246 ; 2562
2024-03-26 17:15:40.252420 ; 2556
2024-03-26 17:15:40.254132 ; 2557
2024-03-26 17:15:40.256138 ; 2554
2024-03-26 17:15:40.258256 ; 2555
2024-03-26 17:15:40.260259 ; 2557
2024-03-26 17:15:40.262248 ; 2556
2024-03-26 17:15:40.264257 ; 2548
2024-03-26 17:15:40.266298 ; 2544
2024-03-26 17:15:40.268426 ; 2538
2024-03-26 17:15:40.270251 ; 2535
2024-03-26 17:15:40.272184 ; 2520
2024-03-26 17:15:40.274241 ; 2506
2024-03-26 17:15:40.276321 ; 2488
2024-03-26 17:15:40.278303 ; 2475
2024-03-26 17:15:40.280346 ; 2470
2024-03-26 17:15:40.282340 ; 2467
2024-03-26 17:15:40.284442 ; 2468
2024-03-26 17:15:40.286375 ; 2462
2024-03-26 17:15:40.288284 ; 2461
2024-03-26 17:15:40.290327 ; 2453
2024-03-26 17:15:40.292438 ; 2453
2024-03-26 17:15:40.294395 ; 2448
2024-03-26 17:15:40.296426 ; 2446
2024-03-26 17:15:40.298433 ; 2442
2024-03-26 17:15:40.300526 ; 2436
2024-03-26 17:15:40.302594 ; 2442
2024-03-26 17:15:40.304383 ; 2443
2024-03-26 17:15:40.306389 ; 2442
2024-03-26 17:15:40.308574 ; 2447
2024-03-26 17:15:40.310491 ; 2442
2024-03-26 17:15:40.312419 ; 2457
2024-03-26 17:15:40.314475 ; 2468
2024-03-26 17:15:40.316599 ; 2479
2024-03-26 17:15:40.318493 ; 2478
2024-03-26 17:15:40.320469 ; 2476
2024-03-26 17:15:40.322476 ; 2475
2024-03-26 17:15:40.324542 ; 2476
2024-03-26 17:15:40.326557 ; 2470
2024-03-26 17:15:40.328533 ; 2459
2024-03-26 17:15:40.330561 ; 2451
2024-03-26 17:15:40.332540 ; 2445
2024-03-26 17:15:40.334740 ; 2438
2024-03-26 17:15:40.336649 ; 2420
2024-03-26 17:15:40.338603 ; 2417
2024-03-26 17:15:40.340641 ; 2417
2024-03-26 17:15:40.342645 ; 2423
2024-03-26 17:15:40.344610 ; 2442
2024-03-26 17:15:40.346689 ; 2462
2024-03-26 17:15:40.348724 ; 2474
2024-03-26 17:15:40.350742 ; 2466
2024-03-26 17:15:40.352844 ; 2425
2024-03-26 17:15:40.354666 ; 2338
2024-03-26 17:15:40.356630 ; 2199
2024-03-26 17:15:40.358775 ; 2017
2024-03-26 17:15:40.360664 ; 1807
2024-03-26 17:15:40.362706 ; 1566
2024-03-26 17:15:40.364719 ; 1309
