2024-03-26 15:36:17.982145 ; 2130
2024-03-26 15:36:17.984324 ; 2187
2024-03-26 15:36:17.986312 ; 2247
2024-03-26 15:36:17.988118 ; 2311
2024-03-26 15:36:17.990171 ; 2369
2024-03-26 15:36:17.992236 ; 2418
2024-03-26 15:36:17.994220 ; 2453
2024-03-26 15:36:17.996250 ; 2478
2024-03-26 15:36:17.998265 ; 2488
2024-03-26 15:36:18.000314 ; 2501
2024-03-26 15:36:18.002399 ; 2504
2024-03-26 15:36:18.004325 ; 2502
2024-03-26 15:36:18.006300 ; 2512
2024-03-26 15:36:18.008329 ; 2503
2024-03-26 15:36:18.010323 ; 2500
2024-03-26 15:36:18.012219 ; 2495
2024-03-26 15:36:18.014239 ; 2494
2024-03-26 15:36:18.016227 ; 2495
2024-03-26 15:36:18.018347 ; 2486
2024-03-26 15:36:18.020284 ; 2474
2024-03-26 15:36:18.022218 ; 2468
2024-03-26 15:36:18.024285 ; 2472
2024-03-26 15:36:18.026299 ; 2478
2024-03-26 15:36:18.028268 ; 2491
2024-03-26 15:36:18.030314 ; 2503
2024-03-26 15:36:18.032373 ; 2518
2024-03-26 15:36:18.034476 ; 2528
2024-03-26 15:36:18.036332 ; 2539
2024-03-26 15:36:18.038332 ; 2550
2024-03-26 15:36:18.040370 ; 2551
2024-03-26 15:36:18.042632 ; 2539
2024-03-26 15:36:18.044469 ; 2533
2024-03-26 15:36:18.046432 ; 2520
2024-03-26 15:36:18.048443 ; 2506
2024-03-26 15:36:18.050678 ; 2507
2024-03-26 15:36:18.052581 ; 2510
2024-03-26 15:36:18.054442 ; 2531
2024-03-26 15:36:18.056477 ; 2551
2024-03-26 15:36:18.058450 ; 2572
2024-03-26 15:36:18.060555 ; 2585
2024-03-26 15:36:18.062469 ; 2595
2024-03-26 15:36:18.064465 ; 2604
2024-03-26 15:36:18.066494 ; 2608
2024-03-26 15:36:18.068502 ; 2597
2024-03-26 15:36:18.070477 ; 2583
2024-03-26 15:36:18.072467 ; 2569
2024-03-26 15:36:18.074462 ; 2564
2024-03-26 15:36:18.076498 ; 2548
2024-03-26 15:36:18.078508 ; 2529
2024-03-26 15:36:18.080507 ; 2506
2024-03-26 15:36:18.082678 ; 2490
2024-03-26 15:36:18.084676 ; 2479
2024-03-26 15:36:18.086537 ; 2474
2024-03-26 15:36:18.088577 ; 2478
2024-03-26 15:36:18.090659 ; 2471
2024-03-26 15:36:18.092716 ; 2468
2024-03-26 15:36:18.094659 ; 2468
2024-03-26 15:36:18.096710 ; 2471
2024-03-26 15:36:18.098684 ; 2470
2024-03-26 15:36:18.100726 ; 2460
2024-03-26 15:36:18.102815 ; 2441
2024-03-26 15:36:18.104672 ; 2426
2024-03-26 15:36:18.106635 ; 2408
2024-03-26 15:36:18.108756 ; 2408
2024-03-26 15:36:18.110707 ; 2410
2024-03-26 15:36:18.112694 ; 2407
2024-03-26 15:36:18.114694 ; 2414
2024-03-26 15:36:18.116681 ; 2408
2024-03-26 15:36:18.118810 ; 2405
2024-03-26 15:36:18.120680 ; 2407
2024-03-26 15:36:18.122646 ; 2408
2024-03-26 15:36:18.124819 ; 2404
2024-03-26 15:36:18.126809 ; 2402
2024-03-26 15:36:18.128823 ; 2413
2024-03-26 15:36:18.130806 ; 2408
2024-03-26 15:36:18.132935 ; 2410
2024-03-26 15:36:18.134848 ; 2413
2024-03-26 15:36:18.136854 ; 2412
2024-03-26 15:36:18.138789 ; 2410
2024-03-26 15:36:18.140783 ; 2396
2024-03-26 15:36:18.142972 ; 2394
2024-03-26 15:36:18.144876 ; 2392
2024-03-26 15:36:18.146879 ; 2400
2024-03-26 15:36:18.148888 ; 2412
2024-03-26 15:36:18.150937 ; 2425
2024-03-26 15:36:18.153118 ; 2440
2024-03-26 15:36:18.154869 ; 2455
2024-03-26 15:36:18.156953 ; 2449
2024-03-26 15:36:18.159003 ; 2431
2024-03-26 15:36:18.160937 ; 2412
2024-03-26 15:36:18.162964 ; 2394
2024-03-26 15:36:18.164887 ; 2378
2024-03-26 15:36:18.166914 ; 2381
2024-03-26 15:36:18.169120 ; 2372
2024-03-26 15:36:18.170897 ; 2369
2024-03-26 15:36:18.172887 ; 2366
2024-03-26 15:36:18.174899 ; 2365
2024-03-26 15:36:18.176935 ; 2356
2024-03-26 15:36:18.178972 ; 2348
2024-03-26 15:36:18.180948 ; 2357
2024-03-26 15:36:18.183095 ; 2368
2024-03-26 15:36:18.185060 ; 2367
2024-03-26 15:36:18.186969 ; 2348
2024-03-26 15:36:18.189020 ; 2305
2024-03-26 15:36:18.191027 ; 2241
2024-03-26 15:36:18.193052 ; 2148
2024-03-26 15:36:18.195019 ; 2019
2024-03-26 15:36:18.197077 ; 1863
2024-03-26 15:36:18.199104 ; 1683
2024-03-26 15:36:18.201247 ; 1496
2024-03-26 15:36:18.203347 ; 1310
2024-03-26 15:36:18.205060 ; 1119
2024-03-26 15:36:18.207057 ; 941
2024-03-26 15:36:18.209345 ; 785
2024-03-26 15:36:18.211158 ; 668
2024-03-26 15:36:18.213098 ; 647
2024-03-26 15:36:18.215104 ; 723
2024-03-26 15:36:18.217128 ; 873
2024-03-26 15:36:18.219262 ; 1056
2024-03-26 15:36:18.221129 ; 1267
2024-03-26 15:36:18.223077 ; 1487
2024-03-26 15:36:18.225116 ; 1706
2024-03-26 15:36:18.227155 ; 1920
2024-03-26 15:36:18.229130 ; 2121
2024-03-26 15:36:18.231170 ; 2299
2024-03-26 15:36:18.233300 ; 2439
2024-03-26 15:36:18.235242 ; 2551
2024-03-26 15:36:18.237208 ; 2618
2024-03-26 15:36:18.239223 ; 2652
2024-03-26 15:36:18.241254 ; 2656
2024-03-26 15:36:18.243318 ; 2637
2024-03-26 15:36:18.245220 ; 2617
2024-03-26 15:36:18.247327 ; 2590
2024-03-26 15:36:18.249324 ; 2573
2024-03-26 15:36:18.251502 ; 2551
2024-03-26 15:36:18.253440 ; 2537
2024-03-26 15:36:18.255297 ; 2521
2024-03-26 15:36:18.257276 ; 2506
2024-03-26 15:36:18.259493 ; 2484
2024-03-26 15:36:18.261317 ; 2462
2024-03-26 15:36:18.263350 ; 2442
2024-03-26 15:36:18.265306 ; 2433
2024-03-26 15:36:18.267493 ; 2424
2024-03-26 15:36:18.269375 ; 2415
2024-03-26 15:36:18.271334 ; 2400
2024-03-26 15:36:18.273318 ; 2377
2024-03-26 15:36:18.275493 ; 2356
2024-03-26 15:36:18.277350 ; 2335
2024-03-26 15:36:18.279354 ; 2308
2024-03-26 15:36:18.281422 ; 2289
2024-03-26 15:36:18.283532 ; 2289
2024-03-26 15:36:18.285700 ; 2299
2024-03-26 15:36:18.287426 ; 2310
2024-03-26 15:36:18.289394 ; 2325
2024-03-26 15:36:18.291509 ; 2331
2024-03-26 15:36:18.293583 ; 2322
2024-03-26 15:36:18.295558 ; 2309
2024-03-26 15:36:18.297519 ; 2290
2024-03-26 15:36:18.299571 ; 2264
2024-03-26 15:36:18.301645 ; 2249
2024-03-26 15:36:18.303579 ; 2225
2024-03-26 15:36:18.305591 ; 2206
2024-03-26 15:36:18.307593 ; 2175
2024-03-26 15:36:18.309672 ; 2161
2024-03-26 15:36:18.311538 ; 2130
2024-03-26 15:36:18.313537 ; 2100
2024-03-26 15:36:18.315569 ; 2068
2024-03-26 15:36:18.317691 ; 2056
2024-03-26 15:36:18.319804 ; 2042
2024-03-26 15:36:18.321528 ; 2030
2024-03-26 15:36:18.323525 ; 2009
2024-03-26 15:36:18.325740 ; 1978
2024-03-26 15:36:18.327572 ; 1949
2024-03-26 15:36:18.329555 ; 1926
2024-03-26 15:36:18.331662 ; 1911
2024-03-26 15:36:18.333723 ; 1905
2024-03-26 15:36:18.335816 ; 1912
2024-03-26 15:36:18.337650 ; 1915
2024-03-26 15:36:18.339619 ; 1918
2024-03-26 15:36:18.341689 ; 1922
2024-03-26 15:36:18.343782 ; 1915
2024-03-26 15:36:18.345701 ; 1907
2024-03-26 15:36:18.347756 ; 1906
2024-03-26 15:36:18.349775 ; 1912
2024-03-26 15:36:18.351793 ; 1909
2024-03-26 15:36:18.353722 ; 1905
2024-03-26 15:36:18.355701 ; 1917
2024-03-26 15:36:18.357703 ; 1933
2024-03-26 15:36:18.359964 ; 1960
2024-03-26 15:36:18.361811 ; 1956
2024-03-26 15:36:18.363807 ; 1962
2024-03-26 15:36:18.365880 ; 1956
2024-03-26 15:36:18.367946 ; 1960
2024-03-26 15:36:18.370040 ; 1950
2024-03-26 15:36:18.371791 ; 1949
2024-03-26 15:36:18.373761 ; 1945
2024-03-26 15:36:18.375933 ; 1939
2024-03-26 15:36:18.377786 ; 1927
2024-03-26 15:36:18.379800 ; 1911
2024-03-26 15:36:18.381844 ; 1899
2024-03-26 15:36:18.384038 ; 1885
2024-03-26 15:36:18.385990 ; 1870
2024-03-26 15:36:18.387845 ; 1856
2024-03-26 15:36:18.389828 ; 1847
2024-03-26 15:36:18.391902 ; 1828
2024-03-26 15:36:18.394010 ; 1819
2024-03-26 15:36:18.395983 ; 1819
2024-03-26 15:36:18.397961 ; 1829
2024-03-26 15:36:18.399955 ; 1842
2024-03-26 15:36:18.402038 ; 1857
2024-03-26 15:36:18.403952 ; 1874
2024-03-26 15:36:18.405877 ; 1874
2024-03-26 15:36:18.407970 ; 1891
2024-03-26 15:36:18.410076 ; 1908
2024-03-26 15:36:18.411940 ; 1924
2024-03-26 15:36:18.413973 ; 1930
2024-03-26 15:36:18.415963 ; 1932
2024-03-26 15:36:18.418262 ; 1930
2024-03-26 15:36:18.420240 ; 1914
2024-03-26 15:36:18.421961 ; 1892
2024-03-26 15:36:18.423970 ; 1886
2024-03-26 15:36:18.426014 ; 1903
2024-03-26 15:36:18.427993 ; 1934
2024-03-26 15:36:18.430022 ; 1958
2024-03-26 15:36:18.432052 ; 1971
2024-03-26 15:36:18.434177 ; 1963
2024-03-26 15:36:18.436114 ; 1948
2024-03-26 15:36:18.438056 ; 1926
2024-03-26 15:36:18.440061 ; 1908
2024-03-26 15:36:18.442112 ; 1902
2024-03-26 15:36:18.444159 ; 1904
2024-03-26 15:36:18.446150 ; 1921
2024-03-26 15:36:18.448134 ; 1935
2024-03-26 15:36:18.450195 ; 1943
2024-03-26 15:36:18.452312 ; 1949
2024-03-26 15:36:18.454152 ; 1943
2024-03-26 15:36:18.456162 ; 1947
2024-03-26 15:36:18.458248 ; 1952
2024-03-26 15:36:18.460251 ; 1965
2024-03-26 15:36:18.462152 ; 1985
2024-03-26 15:36:18.464198 ; 2013
2024-03-26 15:36:18.466207 ; 2054
2024-03-26 15:36:18.468358 ; 2089
2024-03-26 15:36:18.470257 ; 2121
2024-03-26 15:36:18.472167 ; 2141
2024-03-26 15:36:18.474154 ; 2149
2024-03-26 15:36:18.476202 ; 2140
2024-03-26 15:36:18.478215 ; 2130
2024-03-26 15:36:18.480224 ; 2120
2024-03-26 15:36:18.482272 ; 2104
2024-03-26 15:36:18.484427 ; 2097
2024-03-26 15:36:18.486263 ; 2090
2024-03-26 15:36:18.488264 ; 2088
2024-03-26 15:36:18.490266 ; 2078
2024-03-26 15:36:18.492535 ; 2075
2024-03-26 15:36:18.494373 ; 2068
2024-03-26 15:36:18.496362 ; 2078
2024-03-26 15:36:18.498315 ; 2092
2024-03-26 15:36:18.500549 ; 2120
2024-03-26 15:36:18.502468 ; 2140
2024-03-26 15:36:18.504363 ; 2159
2024-03-26 15:36:18.506357 ; 2168
2024-03-26 15:36:18.508433 ; 2158
2024-03-26 15:36:18.510424 ; 2155
2024-03-26 15:36:18.512351 ; 2137
2024-03-26 15:36:18.514398 ; 2123
2024-03-26 15:36:18.516395 ; 2103
2024-03-26 15:36:18.518551 ; 2078
2024-03-26 15:36:18.520697 ; 2071
2024-03-26 15:36:18.522364 ; 2068
2024-03-26 15:36:18.524403 ; 2070
2024-03-26 15:36:18.526453 ; 2062
2024-03-26 15:36:18.528464 ; 2050
2024-03-26 15:36:18.530465 ; 2035
2024-03-26 15:36:18.532464 ; 2032
2024-03-26 15:36:18.534579 ; 2021
2024-03-26 15:36:18.536473 ; 2009
2024-03-26 15:36:18.538484 ; 1994
2024-03-26 15:36:18.540547 ; 1974
2024-03-26 15:36:18.542746 ; 1959
2024-03-26 15:36:18.544518 ; 1947
2024-03-26 15:36:18.546594 ; 1939
2024-03-26 15:36:18.548588 ; 1944
2024-03-26 15:36:18.550667 ; 1962
2024-03-26 15:36:18.552633 ; 1992
2024-03-26 15:36:18.554614 ; 2012
2024-03-26 15:36:18.556575 ; 2016
2024-03-26 15:36:18.558677 ; 2009
2024-03-26 15:36:18.560634 ; 2000
2024-03-26 15:36:18.562642 ; 2001
2024-03-26 15:36:18.564582 ; 2002
2024-03-26 15:36:18.566575 ; 1995
2024-03-26 15:36:18.568706 ; 1971
2024-03-26 15:36:18.570576 ; 1948
2024-03-26 15:36:18.572582 ; 1925
2024-03-26 15:36:18.574589 ; 1899
2024-03-26 15:36:18.576649 ; 1892
2024-03-26 15:36:18.578640 ; 1904
2024-03-26 15:36:18.580643 ; 1921
2024-03-26 15:36:18.582790 ; 1930
2024-03-26 15:36:18.584790 ; 1947
2024-03-26 15:36:18.586722 ; 1966
2024-03-26 15:36:18.588676 ; 2000
2024-03-26 15:36:18.590721 ; 2014
2024-03-26 15:36:18.592818 ; 2038
2024-03-26 15:36:18.594744 ; 2047
2024-03-26 15:36:18.596882 ; 2050
2024-03-26 15:36:18.598847 ; 2051
2024-03-26 15:36:18.601062 ; 2043
2024-03-26 15:36:18.603035 ; 2044
2024-03-26 15:36:18.604839 ; 2042
2024-03-26 15:36:18.606834 ; 2041
2024-03-26 15:36:18.609055 ; 2034
2024-03-26 15:36:18.610871 ; 2023
2024-03-26 15:36:18.612852 ; 2010
2024-03-26 15:36:18.614828 ; 1996
2024-03-26 15:36:18.616819 ; 1987
2024-03-26 15:36:18.619011 ; 1976
2024-03-26 15:36:18.620838 ; 1972
2024-03-26 15:36:18.622795 ; 1976
2024-03-26 15:36:18.624816 ; 1977
2024-03-26 15:36:18.626868 ; 1965
2024-03-26 15:36:18.628841 ; 1958
2024-03-26 15:36:18.630872 ; 1949
2024-03-26 15:36:18.633054 ; 1938
2024-03-26 15:36:18.634980 ; 1937
2024-03-26 15:36:18.636944 ; 1946
2024-03-26 15:36:18.638870 ; 1967
2024-03-26 15:36:18.640895 ; 1980
2024-03-26 15:36:18.642975 ; 1993
2024-03-26 15:36:18.644942 ; 2007
2024-03-26 15:36:18.646967 ; 2021
2024-03-26 15:36:18.648983 ; 2045
2024-03-26 15:36:18.651086 ; 2068
2024-03-26 15:36:18.652962 ; 2085
2024-03-26 15:36:18.654926 ; 2098
2024-03-26 15:36:18.656980 ; 2100
2024-03-26 15:36:18.659189 ; 2105
2024-03-26 15:36:18.661011 ; 2093
2024-03-26 15:36:18.663007 ; 2076
2024-03-26 15:36:18.665004 ; 2063
2024-03-26 15:36:18.667106 ; 2042
2024-03-26 15:36:18.669254 ; 2023
2024-03-26 15:36:18.671021 ; 2001
2024-03-26 15:36:18.673031 ; 1986
2024-03-26 15:36:18.675040 ; 1966
2024-03-26 15:36:18.677085 ; 1957
2024-03-26 15:36:18.679035 ; 1943
2024-03-26 15:36:18.681083 ; 1933
2024-03-26 15:36:18.683235 ; 1920
2024-03-26 15:36:18.685187 ; 1916
2024-03-26 15:36:18.687116 ; 1908
2024-03-26 15:36:18.689167 ; 1897
2024-03-26 15:36:18.691491 ; 1892
2024-03-26 15:36:18.693272 ; 1885
2024-03-26 15:36:18.695214 ; 1883
2024-03-26 15:36:18.697227 ; 1875
2024-03-26 15:36:18.699248 ; 1870
2024-03-26 15:36:18.701472 ; 1859
2024-03-26 15:36:18.703444 ; 1848
2024-03-26 15:36:18.705276 ; 1849
2024-03-26 15:36:18.707272 ; 1853
2024-03-26 15:36:18.709391 ; 1860
2024-03-26 15:36:18.711290 ; 1877
2024-03-26 15:36:18.713252 ; 1896
2024-03-26 15:36:18.715226 ; 1913
2024-03-26 15:36:18.717389 ; 1921
2024-03-26 15:36:18.719306 ; 1923
2024-03-26 15:36:18.721224 ; 1901
2024-03-26 15:36:18.723216 ; 1849
2024-03-26 15:36:18.725280 ; 1776
2024-03-26 15:36:18.727291 ; 1679
2024-03-26 15:36:18.729292 ; 1558
2024-03-26 15:36:18.731280 ; 1415
2024-03-26 15:36:18.733522 ; 1268
2024-03-26 15:36:18.735528 ; 1127
2024-03-26 15:36:18.737314 ; 994
2024-03-26 15:36:18.739350 ; 892
2024-03-26 15:36:18.741370 ; 784
2024-03-26 15:36:18.743460 ; 743
2024-03-26 15:36:18.745433 ; 776
2024-03-26 15:36:18.747401 ; 887
2024-03-26 15:36:18.749452 ; 1039
2024-03-26 15:36:18.751539 ; 1214
2024-03-26 15:36:18.753423 ; 1402
2024-03-26 15:36:18.755479 ; 1608
2024-03-26 15:36:18.757557 ; 1803
2024-03-26 15:36:18.759598 ; 1986
2024-03-26 15:36:18.761418 ; 2147
2024-03-26 15:36:18.763441 ; 2288
2024-03-26 15:36:18.765434 ; 2408
2024-03-26 15:36:18.767605 ; 2514
2024-03-26 15:36:18.769515 ; 2597
2024-03-26 15:36:18.771487 ; 2674
2024-03-26 15:36:18.773432 ; 2727
2024-03-26 15:36:18.775786 ; 2769
2024-03-26 15:36:18.777480 ; 2776
2024-03-26 15:36:18.779482 ; 2773
2024-03-26 15:36:18.781552 ; 2754
2024-03-26 15:36:18.783820 ; 2732
2024-03-26 15:36:18.785890 ; 2704
2024-03-26 15:36:18.787594 ; 2678
2024-03-26 15:36:18.789543 ; 2652
2024-03-26 15:36:18.791654 ; 2633
2024-03-26 15:36:18.793702 ; 2576
2024-03-26 15:36:18.795658 ; 2544
2024-03-26 15:36:18.797670 ; 2519
2024-03-26 15:36:18.799669 ; 2496
2024-03-26 15:36:18.801810 ; 2477
2024-03-26 15:36:18.803734 ; 2455
2024-03-26 15:36:18.805795 ; 2434
2024-03-26 15:36:18.807757 ; 2411
2024-03-26 15:36:18.809793 ; 2399
2024-03-26 15:36:18.811661 ; 2388
2024-03-26 15:36:18.813636 ; 2371
2024-03-26 15:36:18.815715 ; 2351
2024-03-26 15:36:18.817814 ; 2344
2024-03-26 15:36:18.819889 ; 2336
2024-03-26 15:36:18.821688 ; 2344
2024-03-26 15:36:18.823675 ; 2351
2024-03-26 15:36:18.825850 ; 2351
2024-03-26 15:36:18.827703 ; 2336
2024-03-26 15:36:18.829706 ; 2316
2024-03-26 15:36:18.831783 ; 2287
2024-03-26 15:36:18.833939 ; 2262
2024-03-26 15:36:18.836109 ; 2242
2024-03-26 15:36:18.837805 ; 2222
2024-03-26 15:36:18.839851 ; 2217
2024-03-26 15:36:18.841824 ; 2220
2024-03-26 15:36:18.843859 ; 2226
2024-03-26 15:36:18.845875 ; 2235
2024-03-26 15:36:18.847858 ; 2237
2024-03-26 15:36:18.850001 ; 2230
2024-03-26 15:36:18.852019 ; 2220
2024-03-26 15:36:18.853842 ; 2202
2024-03-26 15:36:18.855887 ; 2185
2024-03-26 15:36:18.858057 ; 2183
2024-03-26 15:36:18.860022 ; 2186
2024-03-26 15:36:18.861965 ; 2196
2024-03-26 15:36:18.863866 ; 2200
2024-03-26 15:36:18.865894 ; 2195
2024-03-26 15:36:18.868081 ; 2183
2024-03-26 15:36:18.870030 ; 2168
2024-03-26 15:36:18.871942 ; 2151
2024-03-26 15:36:18.873952 ; 2127
2024-03-26 15:36:18.875956 ; 2104
2024-03-26 15:36:18.877896 ; 2095
2024-03-26 15:36:18.879939 ; 2085
2024-03-26 15:36:18.882002 ; 2075
2024-03-26 15:36:18.884192 ; 2071
2024-03-26 15:36:18.886131 ; 2068
2024-03-26 15:36:18.887966 ; 2063
2024-03-26 15:36:18.889970 ; 2059
2024-03-26 15:36:18.892151 ; 2060
2024-03-26 15:36:18.894118 ; 2058
2024-03-26 15:36:18.896126 ; 2053
2024-03-26 15:36:18.898064 ; 2037
2024-03-26 15:36:18.900158 ; 2025
2024-03-26 15:36:18.902236 ; 2008
2024-03-26 15:36:18.904170 ; 1991
2024-03-26 15:36:18.906148 ; 1983
2024-03-26 15:36:18.908277 ; 1979
2024-03-26 15:36:18.910170 ; 1979
2024-03-26 15:36:18.912069 ; 1976
2024-03-26 15:36:18.914103 ; 1974
2024-03-26 15:36:18.916115 ; 1969
2024-03-26 15:36:18.918294 ; 1956
2024-03-26 15:36:18.920270 ; 1944
2024-03-26 15:36:18.922079 ; 1928
2024-03-26 15:36:18.924071 ; 1913
2024-03-26 15:36:18.926130 ; 1891
2024-03-26 15:36:18.928138 ; 1877
2024-03-26 15:36:18.930135 ; 1861
2024-03-26 15:36:18.932130 ; 1847
2024-03-26 15:36:18.934306 ; 1836
2024-03-26 15:36:18.936240 ; 1832
2024-03-26 15:36:18.938159 ; 1829
2024-03-26 15:36:18.940189 ; 1836
2024-03-26 15:36:18.942282 ; 1836
2024-03-26 15:36:18.944256 ; 1837
2024-03-26 15:36:18.946273 ; 1830
2024-03-26 15:36:18.948288 ; 1825
2024-03-26 15:36:18.950458 ; 1816
2024-03-26 15:36:18.952371 ; 1818
2024-03-26 15:36:18.954286 ; 1819
2024-03-26 15:36:18.956300 ; 1830
2024-03-26 15:36:18.958356 ; 1839
2024-03-26 15:36:18.960316 ; 1843
2024-03-26 15:36:18.962293 ; 1848
2024-03-26 15:36:18.964299 ; 1850
2024-03-26 15:36:18.966284 ; 1846
2024-03-26 15:36:18.968572 ; 1845
2024-03-26 15:36:18.970521 ; 1840
2024-03-26 15:36:18.972286 ; 1836
2024-03-26 15:36:18.974298 ; 1843
2024-03-26 15:36:18.976352 ; 1852
2024-03-26 15:36:18.978405 ; 1868
2024-03-26 15:36:18.980367 ; 1895
2024-03-26 15:36:18.982362 ; 1900
2024-03-26 15:36:18.984486 ; 1917
2024-03-26 15:36:18.986401 ; 1942
2024-03-26 15:36:18.988406 ; 1970
2024-03-26 15:36:18.990399 ; 1994
2024-03-26 15:36:18.992568 ; 2006
2024-03-26 15:36:18.994483 ; 2025
2024-03-26 15:36:18.996477 ; 2040
2024-03-26 15:36:18.998481 ; 2054
2024-03-26 15:36:19.000735 ; 2077
2024-03-26 15:36:19.002597 ; 2088
2024-03-26 15:36:19.004572 ; 2115
2024-03-26 15:36:19.006800 ; 2137
2024-03-26 15:36:19.008542 ; 2164
2024-03-26 15:36:19.010525 ; 2184
2024-03-26 15:36:19.012572 ; 2207
2024-03-26 15:36:19.014502 ; 2229
2024-03-26 15:36:19.016674 ; 2234
2024-03-26 15:36:19.018638 ; 2234
2024-03-26 15:36:19.020515 ; 2239
2024-03-26 15:36:19.022508 ; 2231
2024-03-26 15:36:19.024510 ; 2218
2024-03-26 15:36:19.026561 ; 2212
2024-03-26 15:36:19.028571 ; 2201
2024-03-26 15:36:19.030558 ; 2198
2024-03-26 15:36:19.032672 ; 2194
2024-03-26 15:36:19.034697 ; 2193
2024-03-26 15:36:19.036682 ; 2191
2024-03-26 15:36:19.038601 ; 2193
2024-03-26 15:36:19.040620 ; 2185
2024-03-26 15:36:19.042829 ; 2164
2024-03-26 15:36:19.044690 ; 2141
2024-03-26 15:36:19.046734 ; 2105
2024-03-26 15:36:19.048767 ; 2070
2024-03-26 15:36:19.050744 ; 2032
2024-03-26 15:36:19.053008 ; 2005
2024-03-26 15:36:19.054757 ; 1980
2024-03-26 15:36:19.056767 ; 1965
2024-03-26 15:36:19.058769 ; 1946
2024-03-26 15:36:19.060800 ; 1927
2024-03-26 15:36:19.062706 ; 1913
2024-03-26 15:36:19.064722 ; 1906
2024-03-26 15:36:19.066744 ; 1908
2024-03-26 15:36:19.068867 ; 1905
2024-03-26 15:36:19.070817 ; 1901
2024-03-26 15:36:19.072799 ; 1891
2024-03-26 15:36:19.074817 ; 1884
2024-03-26 15:36:19.076831 ; 1871
2024-03-26 15:36:19.078810 ; 1854
2024-03-26 15:36:19.080811 ; 1838
2024-03-26 15:36:19.082974 ; 1825
2024-03-26 15:36:19.084985 ; 1812
2024-03-26 15:36:19.086825 ; 1813
2024-03-26 15:36:19.088807 ; 1821
2024-03-26 15:36:19.090818 ; 1840
2024-03-26 15:36:19.092932 ; 1856
2024-03-26 15:36:19.094907 ; 1873
2024-03-26 15:36:19.096925 ; 1894
2024-03-26 15:36:19.098973 ; 1914
2024-03-26 15:36:19.101172 ; 1931
2024-03-26 15:36:19.103139 ; 1943
2024-03-26 15:36:19.104968 ; 1948
2024-03-26 15:36:19.107010 ; 1942
2024-03-26 15:36:19.109070 ; 1932
2024-03-26 15:36:19.111016 ; 1938
2024-03-26 15:36:19.112955 ; 1928
2024-03-26 15:36:19.114921 ; 1941
2024-03-26 15:36:19.117074 ; 1948
2024-03-26 15:36:19.119156 ; 1955
2024-03-26 15:36:19.120952 ; 1958
2024-03-26 15:36:19.122930 ; 1970
2024-03-26 15:36:19.124951 ; 1977
2024-03-26 15:36:19.127000 ; 1983
2024-03-26 15:36:19.129004 ; 1989
2024-03-26 15:36:19.130994 ; 1979
2024-03-26 15:36:19.133140 ; 1966
2024-03-26 15:36:19.135084 ; 1962
2024-03-26 15:36:19.137039 ; 1967
2024-03-26 15:36:19.139041 ; 1969
2024-03-26 15:36:19.141072 ; 1966
2024-03-26 15:36:19.143193 ; 1959
2024-03-26 15:36:19.145131 ; 1944
2024-03-26 15:36:19.147155 ; 1939
2024-03-26 15:36:19.149139 ; 1940
2024-03-26 15:36:19.151381 ; 1935
2024-03-26 15:36:19.153364 ; 1933
2024-03-26 15:36:19.155093 ; 1922
2024-03-26 15:36:19.157117 ; 1910
2024-03-26 15:36:19.159459 ; 1897
2024-03-26 15:36:19.161214 ; 1895
2024-03-26 15:36:19.163136 ; 1905
2024-03-26 15:36:19.165143 ; 1913
2024-03-26 15:36:19.167213 ; 1930
2024-03-26 15:36:19.169262 ; 1946
2024-03-26 15:36:19.171169 ; 1959
2024-03-26 15:36:19.173134 ; 1975
2024-03-26 15:36:19.175156 ; 1999
2024-03-26 15:36:19.177209 ; 2026
2024-03-26 15:36:19.179178 ; 2037
2024-03-26 15:36:19.181210 ; 2036
2024-03-26 15:36:19.183441 ; 2031
2024-03-26 15:36:19.185274 ; 2009
2024-03-26 15:36:19.187229 ; 1988
2024-03-26 15:36:19.189375 ; 1986
2024-03-26 15:36:19.191341 ; 1987
2024-03-26 15:36:19.193380 ; 1985
2024-03-26 15:36:19.195279 ; 1990
2024-03-26 15:36:19.197376 ; 1991
2024-03-26 15:36:19.199364 ; 2011
2024-03-26 15:36:19.201548 ; 2027
2024-03-26 15:36:19.203536 ; 2046
2024-03-26 15:36:19.205317 ; 2060
2024-03-26 15:36:19.207336 ; 2065
2024-03-26 15:36:19.209460 ; 2060
2024-03-26 15:36:19.211332 ; 2050
2024-03-26 15:36:19.213391 ; 2049
2024-03-26 15:36:19.215354 ; 2047
2024-03-26 15:36:19.217497 ; 2048
2024-03-26 15:36:19.219389 ; 2053
2024-03-26 15:36:19.221373 ; 2054
2024-03-26 15:36:19.223369 ; 2052
2024-03-26 15:36:19.225593 ; 2055
2024-03-26 15:36:19.227418 ; 2065
2024-03-26 15:36:19.229421 ; 2075
2024-03-26 15:36:19.231428 ; 2087
2024-03-26 15:36:19.233592 ; 2113
2024-03-26 15:36:19.235680 ; 2163
2024-03-26 15:36:19.237485 ; 2191
2024-03-26 15:36:19.239518 ; 2207
2024-03-26 15:36:19.241552 ; 2203
2024-03-26 15:36:19.243522 ; 2194
2024-03-26 15:36:19.245525 ; 2178
2024-03-26 15:36:19.247517 ; 2151
2024-03-26 15:36:19.249683 ; 2125
2024-03-26 15:36:19.251659 ; 2096
2024-03-26 15:36:19.253546 ; 2058
2024-03-26 15:36:19.255525 ; 2004
2024-03-26 15:36:19.257502 ; 1927
2024-03-26 15:36:19.259627 ; 1816
2024-03-26 15:36:19.261546 ; 1672
2024-03-26 15:36:19.263541 ; 1518
2024-03-26 15:36:19.265918 ; 1359
2024-03-26 15:36:19.267841 ; 1199
2024-03-26 15:36:19.269593 ; 1050
2024-03-26 15:36:19.271573 ; 894
2024-03-26 15:36:19.273553 ; 741
2024-03-26 15:36:19.275799 ; 639
2024-03-26 15:36:19.277627 ; 639
2024-03-26 15:36:19.279698 ; 738
2024-03-26 15:36:19.281647 ; 890
2024-03-26 15:36:19.283959 ; 1083
2024-03-26 15:36:19.285899 ; 1314
2024-03-26 15:36:19.287705 ; 1571
2024-03-26 15:36:19.289652 ; 1830
2024-03-26 15:36:19.291765 ; 2070
2024-03-26 15:36:19.293882 ; 2280
2024-03-26 15:36:19.295819 ; 2454
2024-03-26 15:36:19.297765 ; 2589
2024-03-26 15:36:19.299925 ; 2675
2024-03-26 15:36:19.301985 ; 2713
2024-03-26 15:36:19.303800 ; 2726
2024-03-26 15:36:19.305825 ; 2711
2024-03-26 15:36:19.307811 ; 2698
2024-03-26 15:36:19.309979 ; 2674
2024-03-26 15:36:19.311970 ; 2640
2024-03-26 15:36:19.313813 ; 2588
2024-03-26 15:36:19.315794 ; 2552
2024-03-26 15:36:19.317818 ; 2514
2024-03-26 15:36:19.319828 ; 2490
2024-03-26 15:36:19.321791 ; 2471
2024-03-26 15:36:19.323791 ; 2454
2024-03-26 15:36:19.325835 ; 2436
2024-03-26 15:36:19.327804 ; 2421
2024-03-26 15:36:19.329844 ; 2408
2024-03-26 15:36:19.331857 ; 2388
2024-03-26 15:36:19.333852 ; 2373
2024-03-26 15:36:19.335862 ; 2368
2024-03-26 15:36:19.337836 ; 2366
2024-03-26 15:36:19.339893 ; 2367
2024-03-26 15:36:19.342005 ; 2356
2024-03-26 15:36:19.344118 ; 2336
2024-03-26 15:36:19.345985 ; 2304
2024-03-26 15:36:19.347997 ; 2279
2024-03-26 15:36:19.350053 ; 2244
2024-03-26 15:36:19.351985 ; 2205
2024-03-26 15:36:19.354007 ; 2174
2024-03-26 15:36:19.355918 ; 2153
2024-03-26 15:36:19.358013 ; 2124
2024-03-26 15:36:19.360113 ; 2100
2024-03-26 15:36:19.361962 ; 2080
2024-03-26 15:36:19.364011 ; 2069
2024-03-26 15:36:19.366020 ; 2066
2024-03-26 15:36:19.368001 ; 2061
2024-03-26 15:36:19.369991 ; 2038
2024-03-26 15:36:19.372007 ; 2005
2024-03-26 15:36:19.373996 ; 1968
2024-03-26 15:36:19.376032 ; 1947
2024-03-26 15:36:19.378018 ; 1944
2024-03-26 15:36:19.380017 ; 1945
2024-03-26 15:36:19.382045 ; 1945
2024-03-26 15:36:19.384109 ; 1953
2024-03-26 15:36:19.386050 ; 1955
2024-03-26 15:36:19.388116 ; 1969
2024-03-26 15:36:19.390112 ; 1988
2024-03-26 15:36:19.392222 ; 1985
2024-03-26 15:36:19.394209 ; 1977
2024-03-26 15:36:19.396175 ; 1957
2024-03-26 15:36:19.398186 ; 1939
2024-03-26 15:36:19.400198 ; 1930
2024-03-26 15:36:19.402175 ; 1933
2024-03-26 15:36:19.404143 ; 1930
2024-03-26 15:36:19.406224 ; 1927
2024-03-26 15:36:19.408410 ; 1927
2024-03-26 15:36:19.410267 ; 1926
2024-03-26 15:36:19.412253 ; 1913
2024-03-26 15:36:19.414240 ; 1897
2024-03-26 15:36:19.416192 ; 1879
2024-03-26 15:36:19.418235 ; 1868
2024-03-26 15:36:19.420241 ; 1851
2024-03-26 15:36:19.422201 ; 1830
2024-03-26 15:36:19.424218 ; 1803
2024-03-26 15:36:19.426256 ; 1782
2024-03-26 15:36:19.428229 ; 1774
2024-03-26 15:36:19.430251 ; 1768
2024-03-26 15:36:19.432291 ; 1767
2024-03-26 15:36:19.434331 ; 1781
2024-03-26 15:36:19.436321 ; 1773
2024-03-26 15:36:19.438305 ; 1773
2024-03-26 15:36:19.440336 ; 1782
2024-03-26 15:36:19.442380 ; 1767
2024-03-26 15:36:19.444382 ; 1765
2024-03-26 15:36:19.446356 ; 1769
2024-03-26 15:36:19.448462 ; 1774
2024-03-26 15:36:19.450418 ; 1780
2024-03-26 15:36:19.452442 ; 1795
2024-03-26 15:36:19.454382 ; 1798
2024-03-26 15:36:19.456436 ; 1807
2024-03-26 15:36:19.458487 ; 1811
2024-03-26 15:36:19.460469 ; 1807
2024-03-26 15:36:19.462407 ; 1806
2024-03-26 15:36:19.464439 ; 1795
2024-03-26 15:36:19.466428 ; 1778
2024-03-26 15:36:19.468461 ; 1766
2024-03-26 15:36:19.470435 ; 1751
2024-03-26 15:36:19.472411 ; 1744
2024-03-26 15:36:19.474413 ; 1748
2024-03-26 15:36:19.476495 ; 1774
2024-03-26 15:36:19.478502 ; 1811
2024-03-26 15:36:19.480461 ; 1863
2024-03-26 15:36:19.482583 ; 1916
2024-03-26 15:36:19.484513 ; 1964
2024-03-26 15:36:19.486502 ; 1991
2024-03-26 15:36:19.488534 ; 2007
2024-03-26 15:36:19.490532 ; 2019
2024-03-26 15:36:19.492731 ; 2023
2024-03-26 15:36:19.494659 ; 2028
2024-03-26 15:36:19.496625 ; 2039
2024-03-26 15:36:19.498593 ; 2045
2024-03-26 15:36:19.500629 ; 2055
2024-03-26 15:36:19.502637 ; 2067
2024-03-26 15:36:19.504579 ; 2097
2024-03-26 15:36:19.506636 ; 2122
2024-03-26 15:36:19.508737 ; 2146
2024-03-26 15:36:19.510733 ; 2161
2024-03-26 15:36:19.512674 ; 2168
2024-03-26 15:36:19.514670 ; 2175
2024-03-26 15:36:19.516652 ; 2184
2024-03-26 15:36:19.518647 ; 2190
2024-03-26 15:36:19.520643 ; 2195
2024-03-26 15:36:19.522639 ; 2203
2024-03-26 15:36:19.524640 ; 2213
2024-03-26 15:36:19.526678 ; 2230
2024-03-26 15:36:19.528662 ; 2239
2024-03-26 15:36:19.530681 ; 2257
2024-03-26 15:36:19.532709 ; 2278
2024-03-26 15:36:19.534737 ; 2308
2024-03-26 15:36:19.536753 ; 2337
2024-03-26 15:36:19.538713 ; 2366
2024-03-26 15:36:19.540780 ; 2388
2024-03-26 15:36:19.542966 ; 2406
2024-03-26 15:36:19.544907 ; 2410
2024-03-26 15:36:19.546883 ; 2398
2024-03-26 15:36:19.548900 ; 2382
2024-03-26 15:36:19.550881 ; 2366
2024-03-26 15:36:19.552877 ; 2361
2024-03-26 15:36:19.554872 ; 2371
2024-03-26 15:36:19.556835 ; 2387
2024-03-26 15:36:19.558931 ; 2396
2024-03-26 15:36:19.560892 ; 2398
2024-03-26 15:36:19.562853 ; 2400
2024-03-26 15:36:19.564821 ; 2409
2024-03-26 15:36:19.566862 ; 2420
2024-03-26 15:36:19.568855 ; 2418
2024-03-26 15:36:19.570837 ; 2422
2024-03-26 15:36:19.572846 ; 2422
2024-03-26 15:36:19.574882 ; 2421
2024-03-26 15:36:19.576886 ; 2433
2024-03-26 15:36:19.578887 ; 2435
2024-03-26 15:36:19.580892 ; 2432
2024-03-26 15:36:19.582956 ; 2426
2024-03-26 15:36:19.584969 ; 2424
2024-03-26 15:36:19.586978 ; 2413
2024-03-26 15:36:19.588944 ; 2401
2024-03-26 15:36:19.590975 ; 2402
2024-03-26 15:36:19.593084 ; 2410
2024-03-26 15:36:19.595028 ; 2420
2024-03-26 15:36:19.597016 ; 2422
2024-03-26 15:36:19.599012 ; 2419
2024-03-26 15:36:19.601005 ; 2411
2024-03-26 15:36:19.603016 ; 2400
2024-03-26 15:36:19.605011 ; 2382
2024-03-26 15:36:19.607114 ; 2364
2024-03-26 15:36:19.609137 ; 2341
2024-03-26 15:36:19.611066 ; 2342
2024-03-26 15:36:19.613091 ; 2345
2024-03-26 15:36:19.615038 ; 2356
2024-03-26 15:36:19.617053 ; 2357
2024-03-26 15:36:19.619052 ; 2350
2024-03-26 15:36:19.621038 ; 2341
2024-03-26 15:36:19.623057 ; 2337
2024-03-26 15:36:19.625048 ; 2337
2024-03-26 15:36:19.627107 ; 2342
2024-03-26 15:36:19.629096 ; 2349
2024-03-26 15:36:19.631084 ; 2359
2024-03-26 15:36:19.633151 ; 2368
2024-03-26 15:36:19.635115 ; 2378
2024-03-26 15:36:19.637122 ; 2379
2024-03-26 15:36:19.639218 ; 2379
2024-03-26 15:36:19.641186 ; 2389
2024-03-26 15:36:19.643233 ; 2400
2024-03-26 15:36:19.645262 ; 2410
2024-03-26 15:36:19.647221 ; 2418
2024-03-26 15:36:19.649281 ; 2417
2024-03-26 15:36:19.651282 ; 2407
2024-03-26 15:36:19.653229 ; 2397
2024-03-26 15:36:19.655200 ; 2383
2024-03-26 15:36:19.657262 ; 2379
2024-03-26 15:36:19.659385 ; 2368
2024-03-26 15:36:19.661300 ; 2358
2024-03-26 15:36:19.663269 ; 2337
2024-03-26 15:36:19.665271 ; 2321
2024-03-26 15:36:19.667253 ; 2299
2024-03-26 15:36:19.669273 ; 2283
2024-03-26 15:36:19.671256 ; 2273
2024-03-26 15:36:19.673251 ; 2269
2024-03-26 15:36:19.675309 ; 2265
2024-03-26 15:36:19.677296 ; 2248
2024-03-26 15:36:19.679291 ; 2226
2024-03-26 15:36:19.681326 ; 2205
2024-03-26 15:36:19.683407 ; 2179
2024-03-26 15:36:19.685345 ; 2154
2024-03-26 15:36:19.687335 ; 2126
2024-03-26 15:36:19.689417 ; 2111
2024-03-26 15:36:19.691427 ; 2106
2024-03-26 15:36:19.693488 ; 2117
2024-03-26 15:36:19.695454 ; 2118
2024-03-26 15:36:19.697437 ; 2120
2024-03-26 15:36:19.699426 ; 2127
2024-03-26 15:36:19.701459 ; 2134
2024-03-26 15:36:19.703415 ; 2139
2024-03-26 15:36:19.705431 ; 2145
2024-03-26 15:36:19.707443 ; 2161
2024-03-26 15:36:19.709557 ; 2173
2024-03-26 15:36:19.711436 ; 2193
2024-03-26 15:36:19.713490 ; 2207
2024-03-26 15:36:19.715444 ; 2224
2024-03-26 15:36:19.717472 ; 2241
2024-03-26 15:36:19.719473 ; 2255
2024-03-26 15:36:19.721460 ; 2270
2024-03-26 15:36:19.723446 ; 2286
2024-03-26 15:36:19.725519 ; 2296
2024-03-26 15:36:19.727488 ; 2305
2024-03-26 15:36:19.729501 ; 2304
2024-03-26 15:36:19.731540 ; 2294
2024-03-26 15:36:19.733586 ; 2286
2024-03-26 15:36:19.735580 ; 2277
2024-03-26 15:36:19.737560 ; 2267
2024-03-26 15:36:19.739586 ; 2264
2024-03-26 15:36:19.741670 ; 2262
2024-03-26 15:36:19.743729 ; 2259
2024-03-26 15:36:19.745617 ; 2262
2024-03-26 15:36:19.747695 ; 2261
2024-03-26 15:36:19.749671 ; 2269
2024-03-26 15:36:19.751631 ; 2290
2024-03-26 15:36:19.753648 ; 2307
2024-03-26 15:36:19.755629 ; 2322
2024-03-26 15:36:19.757722 ; 2318
2024-03-26 15:36:19.759764 ; 2304
2024-03-26 15:36:19.761707 ; 2301
2024-03-26 15:36:19.763686 ; 2298
2024-03-26 15:36:19.765658 ; 2290
2024-03-26 15:36:19.767733 ; 2286
2024-03-26 15:36:19.769675 ; 2290
2024-03-26 15:36:19.771661 ; 2305
2024-03-26 15:36:19.773684 ; 2319
2024-03-26 15:36:19.775708 ; 2314
2024-03-26 15:36:19.777722 ; 2307
2024-03-26 15:36:19.779732 ; 2290
2024-03-26 15:36:19.781781 ; 2270
2024-03-26 15:36:19.783744 ; 2244
2024-03-26 15:36:19.785838 ; 2207
2024-03-26 15:36:19.787840 ; 2138
2024-03-26 15:36:19.789877 ; 2040
2024-03-26 15:36:19.791889 ; 1899
2024-03-26 15:36:19.793969 ; 1714
2024-03-26 15:36:19.795903 ; 1503
2024-03-26 15:36:19.797942 ; 1299
2024-03-26 15:36:19.799891 ; 1102
2024-03-26 15:36:19.801923 ; 942
2024-03-26 15:36:19.803866 ; 803
2024-03-26 15:36:19.805878 ; 697
2024-03-26 15:36:19.807846 ; 675
2024-03-26 15:36:19.810007 ; 731
2024-03-26 15:36:19.811918 ; 832
2024-03-26 15:36:19.813872 ; 971
2024-03-26 15:36:19.815897 ; 1137
2024-03-26 15:36:19.817923 ; 1319
2024-03-26 15:36:19.819929 ; 1490
2024-03-26 15:36:19.821905 ; 1671
2024-03-26 15:36:19.823878 ; 1828
2024-03-26 15:36:19.825917 ; 1960
2024-03-26 15:36:19.827920 ; 2067
2024-03-26 15:36:19.829916 ; 2143
2024-03-26 15:36:19.831951 ; 2195
2024-03-26 15:36:19.833967 ; 2238
2024-03-26 15:36:19.836002 ; 2270
2024-03-26 15:36:19.837965 ; 2295
2024-03-26 15:36:19.839998 ; 2298
2024-03-26 15:36:19.842132 ; 2279
2024-03-26 15:36:19.844096 ; 2258
2024-03-26 15:36:19.846091 ; 2248
2024-03-26 15:36:19.848066 ; 2242
2024-03-26 15:36:19.850045 ; 2229
2024-03-26 15:36:19.852075 ; 2218
2024-03-26 15:36:19.854092 ; 2204
2024-03-26 15:36:19.856019 ; 2190
2024-03-26 15:36:19.858018 ; 2180
2024-03-26 15:36:19.860194 ; 2163
2024-03-26 15:36:19.862086 ; 2149
2024-03-26 15:36:19.864075 ; 2137
2024-03-26 15:36:19.866100 ; 2129
2024-03-26 15:36:19.868098 ; 2118
2024-03-26 15:36:19.870089 ; 2112
2024-03-26 15:36:19.872095 ; 2113
2024-03-26 15:36:19.874094 ; 2108
2024-03-26 15:36:19.876122 ; 2111
2024-03-26 15:36:19.878123 ; 2110
2024-03-26 15:36:19.880119 ; 2106
2024-03-26 15:36:19.882162 ; 2108
2024-03-26 15:36:19.884204 ; 2108
2024-03-26 15:36:19.886195 ; 2109
2024-03-26 15:36:19.888133 ; 2107
2024-03-26 15:36:19.890223 ; 2110
2024-03-26 15:36:19.892267 ; 2099
2024-03-26 15:36:19.894341 ; 2092
2024-03-26 15:36:19.896324 ; 2094
2024-03-26 15:36:19.898280 ; 2095
2024-03-26 15:36:19.900272 ; 2104
2024-03-26 15:36:19.902302 ; 2105
2024-03-26 15:36:19.904258 ; 2118
2024-03-26 15:36:19.906352 ; 2124
2024-03-26 15:36:19.908329 ; 2132
2024-03-26 15:36:19.910344 ; 2133
2024-03-26 15:36:19.912261 ; 2132
2024-03-26 15:36:19.914305 ; 2118
2024-03-26 15:36:19.916271 ; 2110
2024-03-26 15:36:19.918302 ; 2103
2024-03-26 15:36:19.920297 ; 2098
2024-03-26 15:36:19.922280 ; 2098
2024-03-26 15:36:19.924276 ; 2102
2024-03-26 15:36:19.926343 ; 2089
2024-03-26 15:36:19.928325 ; 2083
2024-03-26 15:36:19.930317 ; 2072
2024-03-26 15:36:19.932385 ; 2071
2024-03-26 15:36:19.934392 ; 2064
2024-03-26 15:36:19.936364 ; 2069
2024-03-26 15:36:19.938409 ; 2079
2024-03-26 15:36:19.940418 ; 2093
2024-03-26 15:36:19.942464 ; 2102
2024-03-26 15:36:19.944440 ; 2118
2024-03-26 15:36:19.946465 ; 2113
2024-03-26 15:36:19.948446 ; 2115
2024-03-26 15:36:19.950483 ; 2118
2024-03-26 15:36:19.952470 ; 2111
2024-03-26 15:36:19.954464 ; 2093
2024-03-26 15:36:19.956444 ; 2073
2024-03-26 15:36:19.958517 ; 2044
2024-03-26 15:36:19.960561 ; 2018
2024-03-26 15:36:19.962493 ; 1999
2024-03-26 15:36:19.964503 ; 1981
2024-03-26 15:36:19.966505 ; 1974
2024-03-26 15:36:19.968531 ; 1980
2024-03-26 15:36:19.970513 ; 2001
2024-03-26 15:36:19.972487 ; 2025
2024-03-26 15:36:19.974516 ; 2030
2024-03-26 15:36:19.976544 ; 2015
2024-03-26 15:36:19.978525 ; 1981
2024-03-26 15:36:19.980543 ; 1957
2024-03-26 15:36:19.982638 ; 1927
2024-03-26 15:36:19.984598 ; 1904
2024-03-26 15:36:19.986622 ; 1882
2024-03-26 15:36:19.988604 ; 1883
2024-03-26 15:36:19.990626 ; 1896
2024-03-26 15:36:19.992733 ; 1923
2024-03-26 15:36:19.994702 ; 1947
2024-03-26 15:36:19.996673 ; 1961
2024-03-26 15:36:19.998728 ; 1979
2024-03-26 15:36:20.000715 ; 1980
2024-03-26 15:36:20.002727 ; 1984
2024-03-26 15:36:20.004672 ; 1993
2024-03-26 15:36:20.006668 ; 1996
2024-03-26 15:36:20.008773 ; 1989
2024-03-26 15:36:20.010750 ; 1998
2024-03-26 15:36:20.012774 ; 2007
2024-03-26 15:36:20.014713 ; 2036
2024-03-26 15:36:20.016715 ; 2061
2024-03-26 15:36:20.018699 ; 2076
2024-03-26 15:36:20.020692 ; 2080
2024-03-26 15:36:20.022673 ; 2085
2024-03-26 15:36:20.024717 ; 2076
2024-03-26 15:36:20.026736 ; 2077
2024-03-26 15:36:20.028720 ; 2085
2024-03-26 15:36:20.030810 ; 2117
2024-03-26 15:36:20.032894 ; 2151
2024-03-26 15:36:20.034844 ; 2178
2024-03-26 15:36:20.036873 ; 2205
2024-03-26 15:36:20.038819 ; 2235
2024-03-26 15:36:20.040872 ; 2254
2024-03-26 15:36:20.042979 ; 2273
2024-03-26 15:36:20.044950 ; 2283
2024-03-26 15:36:20.046951 ; 2274
2024-03-26 15:36:20.048894 ; 2248
2024-03-26 15:36:20.050950 ; 2223
2024-03-26 15:36:20.052928 ; 2209
2024-03-26 15:36:20.054894 ; 2211
2024-03-26 15:36:20.056883 ; 2228
2024-03-26 15:36:20.058979 ; 2252
2024-03-26 15:36:20.060928 ; 2276
2024-03-26 15:36:20.062917 ; 2293
2024-03-26 15:36:20.064879 ; 2318
2024-03-26 15:36:20.066919 ; 2336
2024-03-26 15:36:20.068900 ; 2354
2024-03-26 15:36:20.070898 ; 2361
2024-03-26 15:36:20.072899 ; 2361
2024-03-26 15:36:20.074934 ; 2345
2024-03-26 15:36:20.076946 ; 2323
2024-03-26 15:36:20.078957 ; 2294
2024-03-26 15:36:20.080953 ; 2284
2024-03-26 15:36:20.083006 ; 2279
2024-03-26 15:36:20.085003 ; 2281
2024-03-26 15:36:20.087004 ; 2300
2024-03-26 15:36:20.088999 ; 2323
2024-03-26 15:36:20.091047 ; 2343
2024-03-26 15:36:20.093149 ; 2362
2024-03-26 15:36:20.095113 ; 2385
2024-03-26 15:36:20.097105 ; 2403
2024-03-26 15:36:20.099114 ; 2411
2024-03-26 15:36:20.101089 ; 2403
2024-03-26 15:36:20.103094 ; 2390
2024-03-26 15:36:20.105103 ; 2367
2024-03-26 15:36:20.107095 ; 2343
2024-03-26 15:36:20.109232 ; 2325
2024-03-26 15:36:20.111209 ; 2310
2024-03-26 15:36:20.113113 ; 2304
2024-03-26 15:36:20.115158 ; 2297
2024-03-26 15:36:20.117140 ; 2296
2024-03-26 15:36:20.119136 ; 2293
2024-03-26 15:36:20.121107 ; 2290
2024-03-26 15:36:20.123109 ; 2282
2024-03-26 15:36:20.125125 ; 2269
2024-03-26 15:36:20.127184 ; 2253
2024-03-26 15:36:20.129170 ; 2242
2024-03-26 15:36:20.131153 ; 2229
2024-03-26 15:36:20.133236 ; 2212
2024-03-26 15:36:20.135210 ; 2216
2024-03-26 15:36:20.137205 ; 2232
2024-03-26 15:36:20.139241 ; 2235
2024-03-26 15:36:20.141343 ; 2226
2024-03-26 15:36:20.143373 ; 2229
2024-03-26 15:36:20.145317 ; 2225
2024-03-26 15:36:20.147311 ; 2230
2024-03-26 15:36:20.149307 ; 2237
2024-03-26 15:36:20.151334 ; 2233
2024-03-26 15:36:20.153309 ; 2226
2024-03-26 15:36:20.155311 ; 2226
2024-03-26 15:36:20.157398 ; 2226
2024-03-26 15:36:20.159437 ; 2226
2024-03-26 15:36:20.161326 ; 2223
2024-03-26 15:36:20.163362 ; 2212
2024-03-26 15:36:20.165304 ; 2191
2024-03-26 15:36:20.167482 ; 2172
2024-03-26 15:36:20.169438 ; 2142
2024-03-26 15:36:20.171362 ; 2128
2024-03-26 15:36:20.173341 ; 2115
2024-03-26 15:36:20.175447 ; 2115
2024-03-26 15:36:20.177388 ; 2111
2024-03-26 15:36:20.179394 ; 2103
2024-03-26 15:36:20.181480 ; 2098
2024-03-26 15:36:20.183633 ; 2091
2024-03-26 15:36:20.185672 ; 2097
2024-03-26 15:36:20.187484 ; 2098
2024-03-26 15:36:20.189541 ; 2095
2024-03-26 15:36:20.191567 ; 2101
2024-03-26 15:36:20.193607 ; 2098
2024-03-26 15:36:20.195565 ; 2100
2024-03-26 15:36:20.197544 ; 2105
2024-03-26 15:36:20.199572 ; 2111
2024-03-26 15:36:20.201698 ; 2123
2024-03-26 15:36:20.203835 ; 2130
2024-03-26 15:36:20.205570 ; 2131
2024-03-26 15:36:20.207492 ; 2123
2024-03-26 15:36:20.209684 ; 2114
2024-03-26 15:36:20.211591 ; 2097
2024-03-26 15:36:20.213550 ; 2080
2024-03-26 15:36:20.215567 ; 2071
2024-03-26 15:36:20.217725 ; 2069
2024-03-26 15:36:20.219647 ; 2060
2024-03-26 15:36:20.221567 ; 2054
2024-03-26 15:36:20.223546 ; 2042
2024-03-26 15:36:20.225773 ; 2020
2024-03-26 15:36:20.227603 ; 2006
2024-03-26 15:36:20.229602 ; 1990
2024-03-26 15:36:20.231614 ; 1977
2024-03-26 15:36:20.233823 ; 1976
2024-03-26 15:36:20.235847 ; 1981
2024-03-26 15:36:20.237636 ; 2004
2024-03-26 15:36:20.239625 ; 2048
2024-03-26 15:36:20.241692 ; 2087
2024-03-26 15:36:20.243721 ; 2130
2024-03-26 15:36:20.245709 ; 2176
2024-03-26 15:36:20.247770 ; 2211
2024-03-26 15:36:20.249896 ; 2235
2024-03-26 15:36:20.251871 ; 2254
2024-03-26 15:36:20.253728 ; 2259
2024-03-26 15:36:20.255708 ; 2272
2024-03-26 15:36:20.257738 ; 2289
2024-03-26 15:36:20.259892 ; 2318
2024-03-26 15:36:20.261739 ; 2332
2024-03-26 15:36:20.263776 ; 2350
2024-03-26 15:36:20.265796 ; 2366
2024-03-26 15:36:20.268060 ; 2376
2024-03-26 15:36:20.270119 ; 2393
2024-03-26 15:36:20.271822 ; 2402
2024-03-26 15:36:20.273817 ; 2407
2024-03-26 15:36:20.275945 ; 2408
2024-03-26 15:36:20.277833 ; 2415
2024-03-26 15:36:20.279868 ; 2428
2024-03-26 15:36:20.281902 ; 2434
2024-03-26 15:36:20.284089 ; 2435
2024-03-26 15:36:20.286056 ; 2440
2024-03-26 15:36:20.287854 ; 2449
2024-03-26 15:36:20.289946 ; 2461
2024-03-26 15:36:20.291974 ; 2478
2024-03-26 15:36:20.294025 ; 2489
2024-03-26 15:36:20.295994 ; 2487
2024-03-26 15:36:20.297993 ; 2497
2024-03-26 15:36:20.300038 ; 2501
2024-03-26 15:36:20.302286 ; 2497
2024-03-26 15:36:20.304033 ; 2506
2024-03-26 15:36:20.305961 ; 2512
2024-03-26 15:36:20.307985 ; 2513
2024-03-26 15:36:20.310044 ; 2517
2024-03-26 15:36:20.311954 ; 2509
2024-03-26 15:36:20.313965 ; 2490
2024-03-26 15:36:20.315939 ; 2454
2024-03-26 15:36:20.318125 ; 2411
2024-03-26 15:36:20.320040 ; 2351
2024-03-26 15:36:20.321946 ; 2255
2024-03-26 15:36:20.323958 ; 2114
2024-03-26 15:36:20.326024 ; 1957
2024-03-26 15:36:20.328020 ; 1777
2024-03-26 15:36:20.330020 ; 1583
2024-03-26 15:36:20.332021 ; 1389
2024-03-26 15:36:20.334148 ; 1203
2024-03-26 15:36:20.336063 ; 1036
2024-03-26 15:36:20.338048 ; 893
2024-03-26 15:36:20.340037 ; 825
2024-03-26 15:36:20.342277 ; 856
2024-03-26 15:36:20.344173 ; 965
