2024-03-26 15:46:07.995449 ; 2202
2024-03-26 15:46:07.997466 ; 2191
2024-03-26 15:46:07.999464 ; 2176
2024-03-26 15:46:08.001469 ; 2169
2024-03-26 15:46:08.003464 ; 2161
2024-03-26 15:46:08.005489 ; 2163
2024-03-26 15:46:08.007472 ; 2169
2024-03-26 15:46:08.009488 ; 2184
2024-03-26 15:46:08.011505 ; 2190
2024-03-26 15:46:08.013505 ; 2202
2024-03-26 15:46:08.015497 ; 2205
2024-03-26 15:46:08.017499 ; 2206
2024-03-26 15:46:08.019498 ; 2206
2024-03-26 15:46:08.021571 ; 2206
2024-03-26 15:46:08.023569 ; 2212
2024-03-26 15:46:08.025593 ; 2215
2024-03-26 15:46:08.027626 ; 2222
2024-03-26 15:46:08.029622 ; 2225
2024-03-26 15:46:08.031620 ; 2227
2024-03-26 15:46:08.033619 ; 2228
2024-03-26 15:46:08.035633 ; 2230
2024-03-26 15:46:08.037752 ; 2234
2024-03-26 15:46:08.039727 ; 2238
2024-03-26 15:46:08.041658 ; 2242
2024-03-26 15:46:08.043637 ; 2246
2024-03-26 15:46:08.045649 ; 2239
2024-03-26 15:46:08.047653 ; 2239
2024-03-26 15:46:08.049635 ; 2234
2024-03-26 15:46:08.051669 ; 2229
2024-03-26 15:46:08.053671 ; 2222
2024-03-26 15:46:08.055686 ; 2218
2024-03-26 15:46:08.057716 ; 2199
2024-03-26 15:46:08.059693 ; 2206
2024-03-26 15:46:08.061722 ; 2210
2024-03-26 15:46:08.063725 ; 2201
2024-03-26 15:46:08.065711 ; 2204
2024-03-26 15:46:08.067695 ; 2199
2024-03-26 15:46:08.069725 ; 2194
2024-03-26 15:46:08.071775 ; 2202
2024-03-26 15:46:08.073766 ; 2207
2024-03-26 15:46:08.075783 ; 2210
2024-03-26 15:46:08.077831 ; 2220
2024-03-26 15:46:08.079821 ; 2225
2024-03-26 15:46:08.081904 ; 2225
2024-03-26 15:46:08.083844 ; 2219
2024-03-26 15:46:08.085859 ; 2216
2024-03-26 15:46:08.087995 ; 2216
2024-03-26 15:46:08.089877 ; 2212
2024-03-26 15:46:08.091878 ; 2207
2024-03-26 15:46:08.093826 ; 2196
2024-03-26 15:46:08.095884 ; 2178
2024-03-26 15:46:08.097858 ; 2171
2024-03-26 15:46:08.099831 ; 2171
2024-03-26 15:46:08.101855 ; 2168
2024-03-26 15:46:08.103866 ; 2174
2024-03-26 15:46:08.105929 ; 2180
2024-03-26 15:46:08.107894 ; 2177
2024-03-26 15:46:08.109877 ; 2173
2024-03-26 15:46:08.111902 ; 2181
2024-03-26 15:46:08.113919 ; 2194
2024-03-26 15:46:08.115911 ; 2198
2024-03-26 15:46:08.117907 ; 2203
2024-03-26 15:46:08.119933 ; 2201
2024-03-26 15:46:08.121991 ; 2191
2024-03-26 15:46:08.123964 ; 2181
2024-03-26 15:46:08.125962 ; 2177
2024-03-26 15:46:08.128041 ; 2180
2024-03-26 15:46:08.129982 ; 2184
2024-03-26 15:46:08.132026 ; 2194
2024-03-26 15:46:08.134095 ; 2195
2024-03-26 15:46:08.136034 ; 2195
2024-03-26 15:46:08.138165 ; 2196
2024-03-26 15:46:08.140121 ; 2202
2024-03-26 15:46:08.142106 ; 2206
2024-03-26 15:46:08.144072 ; 2196
2024-03-26 15:46:08.146078 ; 2195
2024-03-26 15:46:08.148103 ; 2191
2024-03-26 15:46:08.150075 ; 2182
2024-03-26 15:46:08.152059 ; 2175
2024-03-26 15:46:08.154099 ; 2164
2024-03-26 15:46:08.156098 ; 2158
2024-03-26 15:46:08.158097 ; 2155
2024-03-26 15:46:08.160090 ; 2159
2024-03-26 15:46:08.162146 ; 2168
2024-03-26 15:46:08.164125 ; 2173
2024-03-26 15:46:08.166106 ; 2176
2024-03-26 15:46:08.168123 ; 2177
2024-03-26 15:46:08.170138 ; 2180
2024-03-26 15:46:08.172177 ; 2179
2024-03-26 15:46:08.174255 ; 2175
2024-03-26 15:46:08.176201 ; 2175
2024-03-26 15:46:08.178227 ; 2186
2024-03-26 15:46:08.180231 ; 2203
2024-03-26 15:46:08.182212 ; 2215
2024-03-26 15:46:08.184278 ; 2244
2024-03-26 15:46:08.186358 ; 2262
2024-03-26 15:46:08.188373 ; 2261
2024-03-26 15:46:08.190335 ; 2227
2024-03-26 15:46:08.192301 ; 2157
2024-03-26 15:46:08.194273 ; 2039
2024-03-26 15:46:08.196326 ; 1879
2024-03-26 15:46:08.198358 ; 1693
2024-03-26 15:46:08.200325 ; 1490
2024-03-26 15:46:08.202331 ; 1274
2024-03-26 15:46:08.204388 ; 1061
2024-03-26 15:46:08.206344 ; 871
2024-03-26 15:46:08.208357 ; 674
2024-03-26 15:46:08.210337 ; 486
2024-03-26 15:46:08.212363 ; 327
2024-03-26 15:46:08.214357 ; 231
2024-03-26 15:46:08.216322 ; 230
2024-03-26 15:46:08.218327 ; 362
2024-03-26 15:46:08.220348 ; 635
2024-03-26 15:46:08.222405 ; 1012
2024-03-26 15:46:08.224435 ; 1412
2024-03-26 15:46:08.226362 ; 1763
2024-03-26 15:46:08.228450 ; 2043
2024-03-26 15:46:08.230438 ; 2241
2024-03-26 15:46:08.232447 ; 2367
2024-03-26 15:46:08.234502 ; 2434
2024-03-26 15:46:08.236527 ; 2466
2024-03-26 15:46:08.238592 ; 2474
2024-03-26 15:46:08.240547 ; 2474
2024-03-26 15:46:08.242602 ; 2452
2024-03-26 15:46:08.244487 ; 2426
2024-03-26 15:46:08.246482 ; 2398
2024-03-26 15:46:08.248508 ; 2362
2024-03-26 15:46:08.250466 ; 2332
2024-03-26 15:46:08.252456 ; 2295
2024-03-26 15:46:08.254519 ; 2266
2024-03-26 15:46:08.256521 ; 2238
2024-03-26 15:46:08.258517 ; 2212
2024-03-26 15:46:08.260525 ; 2194
2024-03-26 15:46:08.262538 ; 2176
2024-03-26 15:46:08.264544 ; 2166
2024-03-26 15:46:08.266544 ; 2160
2024-03-26 15:46:08.268536 ; 2158
2024-03-26 15:46:08.270555 ; 2147
2024-03-26 15:46:08.272602 ; 2141
2024-03-26 15:46:08.274583 ; 2140
2024-03-26 15:46:08.276569 ; 2133
2024-03-26 15:46:08.278640 ; 2120
2024-03-26 15:46:08.280618 ; 2114
2024-03-26 15:46:08.282648 ; 2107
2024-03-26 15:46:08.284728 ; 2095
2024-03-26 15:46:08.286711 ; 2093
2024-03-26 15:46:08.288774 ; 2092
2024-03-26 15:46:08.290746 ; 2097
2024-03-26 15:46:08.292697 ; 2099
2024-03-26 15:46:08.294689 ; 2102
2024-03-26 15:46:08.296720 ; 2105
2024-03-26 15:46:08.298702 ; 2105
2024-03-26 15:46:08.300687 ; 2105
2024-03-26 15:46:08.302697 ; 2104
2024-03-26 15:46:08.304731 ; 2102
2024-03-26 15:46:08.306710 ; 2092
2024-03-26 15:46:08.308758 ; 2082
2024-03-26 15:46:08.310754 ; 2064
2024-03-26 15:46:08.312750 ; 2049
2024-03-26 15:46:08.314764 ; 2032
2024-03-26 15:46:08.316745 ; 2011
2024-03-26 15:46:08.318741 ; 1994
2024-03-26 15:46:08.320824 ; 1978
2024-03-26 15:46:08.322776 ; 1967
2024-03-26 15:46:08.324801 ; 1958
2024-03-26 15:46:08.326796 ; 1954
2024-03-26 15:46:08.328861 ; 1948
2024-03-26 15:46:08.330828 ; 1949
2024-03-26 15:46:08.332809 ; 1955
2024-03-26 15:46:08.334870 ; 1959
2024-03-26 15:46:08.336885 ; 1957
2024-03-26 15:46:08.338958 ; 1953
2024-03-26 15:46:08.340958 ; 1936
2024-03-26 15:46:08.342890 ; 1922
2024-03-26 15:46:08.344866 ; 1911
2024-03-26 15:46:08.346899 ; 1893
2024-03-26 15:46:08.348892 ; 1882
2024-03-26 15:46:08.350876 ; 1866
2024-03-26 15:46:08.352889 ; 1856
2024-03-26 15:46:08.354914 ; 1850
2024-03-26 15:46:08.356892 ; 1839
2024-03-26 15:46:08.358931 ; 1827
2024-03-26 15:46:08.360951 ; 1817
2024-03-26 15:46:08.362959 ; 1812
2024-03-26 15:46:08.364956 ; 1810
2024-03-26 15:46:08.366934 ; 1801
2024-03-26 15:46:08.368939 ; 1787
2024-03-26 15:46:08.371011 ; 1777
2024-03-26 15:46:08.372999 ; 1767
2024-03-26 15:46:08.374988 ; 1751
2024-03-26 15:46:08.377025 ; 1733
2024-03-26 15:46:08.379015 ; 1709
2024-03-26 15:46:08.381012 ; 1694
2024-03-26 15:46:08.383062 ; 1684
2024-03-26 15:46:08.385105 ; 1678
2024-03-26 15:46:08.387116 ; 1668
2024-03-26 15:46:08.389173 ; 1663
2024-03-26 15:46:08.391088 ; 1663
2024-03-26 15:46:08.393073 ; 1664
2024-03-26 15:46:08.395096 ; 1664
2024-03-26 15:46:08.397089 ; 1664
2024-03-26 15:46:08.399083 ; 1662
2024-03-26 15:46:08.401115 ; 1664
2024-03-26 15:46:08.403126 ; 1668
2024-03-26 15:46:08.405117 ; 1679
2024-03-26 15:46:08.407133 ; 1679
2024-03-26 15:46:08.409127 ; 1681
2024-03-26 15:46:08.411137 ; 1689
2024-03-26 15:46:08.413168 ; 1696
2024-03-26 15:46:08.415158 ; 1710
2024-03-26 15:46:08.417144 ; 1726
2024-03-26 15:46:08.419160 ; 1743
2024-03-26 15:46:08.421208 ; 1768
2024-03-26 15:46:08.423189 ; 1790
2024-03-26 15:46:08.425204 ; 1804
2024-03-26 15:46:08.427233 ; 1831
2024-03-26 15:46:08.429202 ; 1856
2024-03-26 15:46:08.431276 ; 1886
2024-03-26 15:46:08.433245 ; 1908
2024-03-26 15:46:08.435262 ; 1933
2024-03-26 15:46:08.437376 ; 1962
2024-03-26 15:46:08.439342 ; 1990
2024-03-26 15:46:08.441318 ; 2023
2024-03-26 15:46:08.443370 ; 2049
2024-03-26 15:46:08.445386 ; 2084
2024-03-26 15:46:08.447386 ; 2116
2024-03-26 15:46:08.449367 ; 2141
2024-03-26 15:46:08.451361 ; 2159
2024-03-26 15:46:08.453345 ; 2182
2024-03-26 15:46:08.455379 ; 2200
2024-03-26 15:46:08.457381 ; 2216
2024-03-26 15:46:08.459358 ; 2226
2024-03-26 15:46:08.461361 ; 2235
2024-03-26 15:46:08.463381 ; 2241
2024-03-26 15:46:08.465338 ; 2244
2024-03-26 15:46:08.467338 ; 2247
2024-03-26 15:46:08.469359 ; 2249
2024-03-26 15:46:08.471412 ; 2253
2024-03-26 15:46:08.473411 ; 2254
2024-03-26 15:46:08.475443 ; 2254
2024-03-26 15:46:08.477447 ; 2262
2024-03-26 15:46:08.479465 ; 2264
2024-03-26 15:46:08.481445 ; 2268
2024-03-26 15:46:08.483481 ; 2269
2024-03-26 15:46:08.485466 ; 2277
2024-03-26 15:46:08.487552 ; 2275
2024-03-26 15:46:08.489601 ; 2274
2024-03-26 15:46:08.491529 ; 2274
2024-03-26 15:46:08.493521 ; 2277
2024-03-26 15:46:08.495518 ; 2281
2024-03-26 15:46:08.497537 ; 2289
2024-03-26 15:46:08.499527 ; 2294
2024-03-26 15:46:08.501500 ; 2294
2024-03-26 15:46:08.503553 ; 2295
2024-03-26 15:46:08.505545 ; 2290
2024-03-26 15:46:08.507540 ; 2280
2024-03-26 15:46:08.509538 ; 2278
2024-03-26 15:46:08.511541 ; 2276
2024-03-26 15:46:08.513605 ; 2279
2024-03-26 15:46:08.515549 ; 2280
2024-03-26 15:46:08.517538 ; 2279
2024-03-26 15:46:08.519587 ; 2268
2024-03-26 15:46:08.521616 ; 2264
2024-03-26 15:46:08.523602 ; 2259
2024-03-26 15:46:08.525635 ; 2253
2024-03-26 15:46:08.527631 ; 2251
2024-03-26 15:46:08.529623 ; 2244
2024-03-26 15:46:08.531664 ; 2240
2024-03-26 15:46:08.533690 ; 2250
2024-03-26 15:46:08.535700 ; 2252
2024-03-26 15:46:08.537823 ; 2253
2024-03-26 15:46:08.539764 ; 2259
2024-03-26 15:46:08.541716 ; 2254
2024-03-26 15:46:08.543763 ; 2245
2024-03-26 15:46:08.545716 ; 2237
2024-03-26 15:46:08.547755 ; 2226
2024-03-26 15:46:08.549725 ; 2214
2024-03-26 15:46:08.551707 ; 2209
2024-03-26 15:46:08.553727 ; 2206
2024-03-26 15:46:08.555740 ; 2197
2024-03-26 15:46:08.557740 ; 2203
2024-03-26 15:46:08.559737 ; 2200
2024-03-26 15:46:08.561759 ; 2211
2024-03-26 15:46:08.563837 ; 2213
2024-03-26 15:46:08.565756 ; 2214
2024-03-26 15:46:08.567741 ; 2216
2024-03-26 15:46:08.569779 ; 2214
2024-03-26 15:46:08.571829 ; 2215
2024-03-26 15:46:08.573808 ; 2212
2024-03-26 15:46:08.575829 ; 2203
2024-03-26 15:46:08.577874 ; 2196
2024-03-26 15:46:08.579843 ; 2191
2024-03-26 15:46:08.581956 ; 2179
2024-03-26 15:46:08.583870 ; 2170
2024-03-26 15:46:08.585883 ; 2170
2024-03-26 15:46:08.588022 ; 2167
2024-03-26 15:46:08.589961 ; 2177
2024-03-26 15:46:08.591893 ; 2187
2024-03-26 15:46:08.593904 ; 2194
2024-03-26 15:46:08.595913 ; 2197
2024-03-26 15:46:08.597925 ; 2195
2024-03-26 15:46:08.599894 ; 2189
2024-03-26 15:46:08.601897 ; 2186
2024-03-26 15:46:08.603930 ; 2175
2024-03-26 15:46:08.605948 ; 2167
2024-03-26 15:46:08.607951 ; 2166
2024-03-26 15:46:08.609931 ; 2165
2024-03-26 15:46:08.611959 ; 2167
2024-03-26 15:46:08.613976 ; 2170
2024-03-26 15:46:08.615940 ; 2178
2024-03-26 15:46:08.617972 ; 2181
2024-03-26 15:46:08.619997 ; 2190
2024-03-26 15:46:08.622031 ; 2199
2024-03-26 15:46:08.624036 ; 2205
2024-03-26 15:46:08.626007 ; 2207
2024-03-26 15:46:08.628051 ; 2214
2024-03-26 15:46:08.630073 ; 2212
2024-03-26 15:46:08.632117 ; 2202
2024-03-26 15:46:08.634123 ; 2200
2024-03-26 15:46:08.636389 ; 2209
2024-03-26 15:46:08.638248 ; 2203
2024-03-26 15:46:08.640198 ; 2210
2024-03-26 15:46:08.642152 ; 2203
2024-03-26 15:46:08.644115 ; 2200
2024-03-26 15:46:08.646123 ; 2188
2024-03-26 15:46:08.648133 ; 2179
2024-03-26 15:46:08.650137 ; 2168
2024-03-26 15:46:08.652120 ; 2170
2024-03-26 15:46:08.654172 ; 2171
2024-03-26 15:46:08.656135 ; 2168
2024-03-26 15:46:08.658162 ; 2174
2024-03-26 15:46:08.660123 ; 2176
2024-03-26 15:46:08.662168 ; 2184
2024-03-26 15:46:08.664160 ; 2189
2024-03-26 15:46:08.666151 ; 2196
2024-03-26 15:46:08.668165 ; 2202
2024-03-26 15:46:08.670212 ; 2208
2024-03-26 15:46:08.672231 ; 2221
2024-03-26 15:46:08.674228 ; 2225
2024-03-26 15:46:08.676205 ; 2227
2024-03-26 15:46:08.678242 ; 2224
2024-03-26 15:46:08.680275 ; 2214
2024-03-26 15:46:08.682274 ; 2208
2024-03-26 15:46:08.684340 ; 2199
2024-03-26 15:46:08.686341 ; 2185
2024-03-26 15:46:08.688412 ; 2167
2024-03-26 15:46:08.690372 ; 2150
2024-03-26 15:46:08.692398 ; 2139
2024-03-26 15:46:08.694371 ; 2133
2024-03-26 15:46:08.696384 ; 2131
2024-03-26 15:46:08.698366 ; 2127
2024-03-26 15:46:08.700349 ; 2121
2024-03-26 15:46:08.702338 ; 2117
2024-03-26 15:46:08.704376 ; 2118
2024-03-26 15:46:08.706387 ; 2118
2024-03-26 15:46:08.708363 ; 2118
2024-03-26 15:46:08.710346 ; 2129
2024-03-26 15:46:08.712384 ; 2140
2024-03-26 15:46:08.714374 ; 2144
2024-03-26 15:46:08.716413 ; 2153
2024-03-26 15:46:08.718363 ; 2168
2024-03-26 15:46:08.720398 ; 2181
2024-03-26 15:46:08.722454 ; 2184
2024-03-26 15:46:08.724445 ; 2181
2024-03-26 15:46:08.726404 ; 2183
2024-03-26 15:46:08.728480 ; 2172
2024-03-26 15:46:08.730443 ; 2172
2024-03-26 15:46:08.732422 ; 2165
2024-03-26 15:46:08.734567 ; 2156
2024-03-26 15:46:08.736550 ; 2147
2024-03-26 15:46:08.738658 ; 2147
2024-03-26 15:46:08.740697 ; 2152
2024-03-26 15:46:08.742545 ; 2152
2024-03-26 15:46:08.744474 ; 2150
2024-03-26 15:46:08.746556 ; 2141
2024-03-26 15:46:08.748514 ; 2152
2024-03-26 15:46:08.750488 ; 2156
2024-03-26 15:46:08.752524 ; 2151
2024-03-26 15:46:08.754556 ; 2151
2024-03-26 15:46:08.756566 ; 2144
2024-03-26 15:46:08.758573 ; 2148
2024-03-26 15:46:08.760586 ; 2146
2024-03-26 15:46:08.762653 ; 2146
2024-03-26 15:46:08.764596 ; 2149
2024-03-26 15:46:08.766572 ; 2150
2024-03-26 15:46:08.768572 ; 2160
2024-03-26 15:46:08.770614 ; 2177
2024-03-26 15:46:08.772727 ; 2197
2024-03-26 15:46:08.774635 ; 2218
2024-03-26 15:46:08.776630 ; 2237
2024-03-26 15:46:08.778776 ; 2248
2024-03-26 15:46:08.780754 ; 2237
2024-03-26 15:46:08.782670 ; 2194
2024-03-26 15:46:08.784765 ; 2119
2024-03-26 15:46:08.786745 ; 2005
2024-03-26 15:46:08.788710 ; 1851
2024-03-26 15:46:08.790799 ; 1669
2024-03-26 15:46:08.792687 ; 1462
2024-03-26 15:46:08.794696 ; 1240
2024-03-26 15:46:08.796721 ; 1022
2024-03-26 15:46:08.798718 ; 811
2024-03-26 15:46:08.800705 ; 587
2024-03-26 15:46:08.802719 ; 376
2024-03-26 15:46:08.804758 ; 206
2024-03-26 15:46:08.806742 ; 103
2024-03-26 15:46:08.808754 ; 115
2024-03-26 15:46:08.810778 ; 274
2024-03-26 15:46:08.812778 ; 580
2024-03-26 15:46:08.814766 ; 987
2024-03-26 15:46:08.816774 ; 1394
2024-03-26 15:46:08.818767 ; 1743
2024-03-26 15:46:08.820879 ; 2019
2024-03-26 15:46:08.822913 ; 2201
2024-03-26 15:46:08.824841 ; 2313
2024-03-26 15:46:08.826841 ; 2380
2024-03-26 15:46:08.828859 ; 2413
2024-03-26 15:46:08.830848 ; 2423
2024-03-26 15:46:08.832864 ; 2410
2024-03-26 15:46:08.834906 ; 2395
2024-03-26 15:46:08.836900 ; 2365
2024-03-26 15:46:08.838938 ; 2339
2024-03-26 15:46:08.840914 ; 2320
2024-03-26 15:46:08.842887 ; 2295
2024-03-26 15:46:08.844910 ; 2275
2024-03-26 15:46:08.846960 ; 2245
2024-03-26 15:46:08.848906 ; 2223
2024-03-26 15:46:08.850903 ; 2193
2024-03-26 15:46:08.852916 ; 2163
2024-03-26 15:46:08.854945 ; 2147
2024-03-26 15:46:08.856943 ; 2134
2024-03-26 15:46:08.858951 ; 2125
2024-03-26 15:46:08.860981 ; 2120
2024-03-26 15:46:08.862963 ; 2118
2024-03-26 15:46:08.864980 ; 2118
2024-03-26 15:46:08.866973 ; 2109
2024-03-26 15:46:08.868971 ; 2111
2024-03-26 15:46:08.871043 ; 2112
2024-03-26 15:46:08.873013 ; 2111
2024-03-26 15:46:08.875052 ; 2106
2024-03-26 15:46:08.877064 ; 2097
2024-03-26 15:46:08.879101 ; 2081
2024-03-26 15:46:08.881084 ; 2066
2024-03-26 15:46:08.883059 ; 2051
2024-03-26 15:46:08.885100 ; 2035
2024-03-26 15:46:08.887126 ; 2028
2024-03-26 15:46:08.889195 ; 2033
2024-03-26 15:46:08.891159 ; 2037
2024-03-26 15:46:08.893116 ; 2043
2024-03-26 15:46:08.895110 ; 2047
2024-03-26 15:46:08.897124 ; 2047
2024-03-26 15:46:08.899116 ; 2045
2024-03-26 15:46:08.901119 ; 2039
2024-03-26 15:46:08.903140 ; 2025
2024-03-26 15:46:08.905161 ; 2007
2024-03-26 15:46:08.907152 ; 1987
2024-03-26 15:46:08.909165 ; 1964
2024-03-26 15:46:08.911179 ; 1948
2024-03-26 15:46:08.913182 ; 1943
2024-03-26 15:46:08.915237 ; 1938
2024-03-26 15:46:08.917181 ; 1933
2024-03-26 15:46:08.919175 ; 1928
2024-03-26 15:46:08.921255 ; 1922
2024-03-26 15:46:08.923241 ; 1916
2024-03-26 15:46:08.925282 ; 1909
2024-03-26 15:46:08.927304 ; 1906
2024-03-26 15:46:08.929318 ; 1899
2024-03-26 15:46:08.931297 ; 1895
2024-03-26 15:46:08.933274 ; 1898
2024-03-26 15:46:08.935391 ; 1877
2024-03-26 15:46:08.937452 ; 1867
2024-03-26 15:46:08.939525 ; 1852
2024-03-26 15:46:08.941405 ; 1839
2024-03-26 15:46:08.943384 ; 1825
2024-03-26 15:46:08.945392 ; 1814
2024-03-26 15:46:08.947402 ; 1798
2024-03-26 15:46:08.949385 ; 1777
2024-03-26 15:46:08.951356 ; 1757
2024-03-26 15:46:08.953350 ; 1740
2024-03-26 15:46:08.955395 ; 1726
2024-03-26 15:46:08.957372 ; 1705
2024-03-26 15:46:08.959373 ; 1692
2024-03-26 15:46:08.961385 ; 1681
2024-03-26 15:46:08.963382 ; 1674
2024-03-26 15:46:08.965400 ; 1665
2024-03-26 15:46:08.967395 ; 1661
2024-03-26 15:46:08.969369 ; 1654
2024-03-26 15:46:08.971450 ; 1651
2024-03-26 15:46:08.973431 ; 1643
2024-03-26 15:46:08.975453 ; 1636
2024-03-26 15:46:08.977481 ; 1623
2024-03-26 15:46:08.979465 ; 1620
2024-03-26 15:46:08.981521 ; 1614
2024-03-26 15:46:08.983506 ; 1611
2024-03-26 15:46:08.985588 ; 1603
2024-03-26 15:46:08.987615 ; 1601
2024-03-26 15:46:08.989593 ; 1608
2024-03-26 15:46:08.991624 ; 1610
2024-03-26 15:46:08.993516 ; 1617
2024-03-26 15:46:08.995536 ; 1624
2024-03-26 15:46:08.997561 ; 1633
2024-03-26 15:46:08.999527 ; 1637
2024-03-26 15:46:09.001543 ; 1643
2024-03-26 15:46:09.003567 ; 1653
2024-03-26 15:46:09.005564 ; 1665
2024-03-26 15:46:09.007581 ; 1678
2024-03-26 15:46:09.009561 ; 1694
2024-03-26 15:46:09.011595 ; 1708
2024-03-26 15:46:09.013608 ; 1732
2024-03-26 15:46:09.015574 ; 1755
2024-03-26 15:46:09.017580 ; 1786
2024-03-26 15:46:09.019597 ; 1817
2024-03-26 15:46:09.021660 ; 1849
2024-03-26 15:46:09.023649 ; 1876
2024-03-26 15:46:09.025700 ; 1906
2024-03-26 15:46:09.027686 ; 1937
2024-03-26 15:46:09.029695 ; 1968
2024-03-26 15:46:09.031716 ; 1993
2024-03-26 15:46:09.033720 ; 2018
2024-03-26 15:46:09.035994 ; 2046
2024-03-26 15:46:09.037896 ; 2065
2024-03-26 15:46:09.039816 ; 2092
2024-03-26 15:46:09.041775 ; 2119
2024-03-26 15:46:09.043737 ; 2136
2024-03-26 15:46:09.045750 ; 2156
2024-03-26 15:46:09.047755 ; 2170
2024-03-26 15:46:09.049756 ; 2182
2024-03-26 15:46:09.051750 ; 2205
2024-03-26 15:46:09.053752 ; 2219
2024-03-26 15:46:09.055793 ; 2233
2024-03-26 15:46:09.057789 ; 2257
2024-03-26 15:46:09.059769 ; 2267
2024-03-26 15:46:09.061810 ; 2271
2024-03-26 15:46:09.063788 ; 2283
2024-03-26 15:46:09.065781 ; 2288
2024-03-26 15:46:09.067803 ; 2288
2024-03-26 15:46:09.069798 ; 2293
2024-03-26 15:46:09.071865 ; 2303
2024-03-26 15:46:09.073870 ; 2306
2024-03-26 15:46:09.075848 ; 2311
2024-03-26 15:46:09.077911 ; 2305
2024-03-26 15:46:09.079908 ; 2306
2024-03-26 15:46:09.081966 ; 2299
2024-03-26 15:46:09.083955 ; 2301
2024-03-26 15:46:09.086192 ; 2306
2024-03-26 15:46:09.088008 ; 2308
2024-03-26 15:46:09.090019 ; 2311
2024-03-26 15:46:09.092030 ; 2319
2024-03-26 15:46:09.093935 ; 2320
2024-03-26 15:46:09.095959 ; 2322
2024-03-26 15:46:09.097981 ; 2320
2024-03-26 15:46:09.099954 ; 2321
2024-03-26 15:46:09.101952 ; 2325
2024-03-26 15:46:09.103952 ; 2335
2024-03-26 15:46:09.106000 ; 2328
2024-03-26 15:46:09.107991 ; 2330
2024-03-26 15:46:09.109965 ; 2334
2024-03-26 15:46:09.112010 ; 2340
2024-03-26 15:46:09.113993 ; 2338
2024-03-26 15:46:09.115985 ; 2325
2024-03-26 15:46:09.118012 ; 2306
2024-03-26 15:46:09.120009 ; 2295
2024-03-26 15:46:09.122065 ; 2277
2024-03-26 15:46:09.124077 ; 2263
2024-03-26 15:46:09.126040 ; 2254
2024-03-26 15:46:09.128063 ; 2245
2024-03-26 15:46:09.130091 ; 2236
2024-03-26 15:46:09.132104 ; 2240
2024-03-26 15:46:09.134161 ; 2234
2024-03-26 15:46:09.136329 ; 2236
2024-03-26 15:46:09.138269 ; 2236
2024-03-26 15:46:09.140227 ; 2236
2024-03-26 15:46:09.142219 ; 2238
2024-03-26 15:46:09.144154 ; 2238
2024-03-26 15:46:09.146169 ; 2232
2024-03-26 15:46:09.148178 ; 2227
2024-03-26 15:46:09.150182 ; 2231
2024-03-26 15:46:09.152168 ; 2229
2024-03-26 15:46:09.154203 ; 2228
2024-03-26 15:46:09.156193 ; 2226
2024-03-26 15:46:09.158192 ; 2220
2024-03-26 15:46:09.160206 ; 2228
2024-03-26 15:46:09.162258 ; 2225
2024-03-26 15:46:09.164238 ; 2223
2024-03-26 15:46:09.166221 ; 2221
2024-03-26 15:46:09.168216 ; 2221
2024-03-26 15:46:09.170238 ; 2219
2024-03-26 15:46:09.172300 ; 2216
2024-03-26 15:46:09.174284 ; 2215
2024-03-26 15:46:09.176290 ; 2216
2024-03-26 15:46:09.178329 ; 2214
2024-03-26 15:46:09.180331 ; 2214
2024-03-26 15:46:09.182307 ; 2218
2024-03-26 15:46:09.184425 ; 2221
2024-03-26 15:46:09.186440 ; 2226
2024-03-26 15:46:09.188537 ; 2232
2024-03-26 15:46:09.190496 ; 2237
2024-03-26 15:46:09.192451 ; 2238
2024-03-26 15:46:09.194409 ; 2246
2024-03-26 15:46:09.196426 ; 2250
2024-03-26 15:46:09.198394 ; 2255
2024-03-26 15:46:09.200370 ; 2256
2024-03-26 15:46:09.202367 ; 2254
2024-03-26 15:46:09.204420 ; 2245
2024-03-26 15:46:09.206381 ; 2236
2024-03-26 15:46:09.208413 ; 2226
2024-03-26 15:46:09.210392 ; 2220
2024-03-26 15:46:09.212426 ; 2219
2024-03-26 15:46:09.214438 ; 2215
2024-03-26 15:46:09.216410 ; 2225
2024-03-26 15:46:09.218452 ; 2231
2024-03-26 15:46:09.220447 ; 2234
2024-03-26 15:46:09.222473 ; 2239
2024-03-26 15:46:09.224512 ; 2243
2024-03-26 15:46:09.226491 ; 2251
2024-03-26 15:46:09.228527 ; 2252
2024-03-26 15:46:09.230487 ; 2254
2024-03-26 15:46:09.232521 ; 2255
2024-03-26 15:46:09.234589 ; 2255
2024-03-26 15:46:09.236631 ; 2255
2024-03-26 15:46:09.238678 ; 2258
2024-03-26 15:46:09.240702 ; 2257
2024-03-26 15:46:09.242559 ; 2257
2024-03-26 15:46:09.244565 ; 2255
2024-03-26 15:46:09.246585 ; 2260
2024-03-26 15:46:09.248582 ; 2265
2024-03-26 15:46:09.250576 ; 2270
2024-03-26 15:46:09.252565 ; 2266
2024-03-26 15:46:09.254591 ; 2256
2024-03-26 15:46:09.256604 ; 2247
2024-03-26 15:46:09.258610 ; 2244
2024-03-26 15:46:09.260614 ; 2249
2024-03-26 15:46:09.262632 ; 2249
2024-03-26 15:46:09.264640 ; 2257
2024-03-26 15:46:09.266620 ; 2256
2024-03-26 15:46:09.268647 ; 2253
2024-03-26 15:46:09.270684 ; 2251
2024-03-26 15:46:09.272679 ; 2243
2024-03-26 15:46:09.274748 ; 2241
2024-03-26 15:46:09.276680 ; 2230
2024-03-26 15:46:09.278738 ; 2217
2024-03-26 15:46:09.280720 ; 2209
2024-03-26 15:46:09.282726 ; 2202
2024-03-26 15:46:09.284822 ; 2196
2024-03-26 15:46:09.286963 ; 2194
2024-03-26 15:46:09.288877 ; 2198
2024-03-26 15:46:09.290852 ; 2201
2024-03-26 15:46:09.292793 ; 2208
2024-03-26 15:46:09.294795 ; 2205
2024-03-26 15:46:09.296765 ; 2211
2024-03-26 15:46:09.298776 ; 2219
2024-03-26 15:46:09.300774 ; 2217
2024-03-26 15:46:09.302821 ; 2223
2024-03-26 15:46:09.304805 ; 2221
2024-03-26 15:46:09.306827 ; 2223
2024-03-26 15:46:09.308813 ; 2224
2024-03-26 15:46:09.310818 ; 2224
2024-03-26 15:46:09.312855 ; 2222
2024-03-26 15:46:09.314837 ; 2218
2024-03-26 15:46:09.316847 ; 2217
2024-03-26 15:46:09.318851 ; 2215
2024-03-26 15:46:09.320882 ; 2220
2024-03-26 15:46:09.322878 ; 2217
2024-03-26 15:46:09.324900 ; 2223
2024-03-26 15:46:09.326889 ; 2224
2024-03-26 15:46:09.328905 ; 2229
2024-03-26 15:46:09.330954 ; 2231
2024-03-26 15:46:09.332952 ; 2234
2024-03-26 15:46:09.334957 ; 2230
2024-03-26 15:46:09.337039 ; 2222
2024-03-26 15:46:09.339058 ; 2217
2024-03-26 15:46:09.341058 ; 2206
2024-03-26 15:46:09.342987 ; 2196
2024-03-26 15:46:09.344973 ; 2188
2024-03-26 15:46:09.346963 ; 2189
2024-03-26 15:46:09.349000 ; 2204
2024-03-26 15:46:09.350971 ; 2222
2024-03-26 15:46:09.353003 ; 2263
2024-03-26 15:46:09.355033 ; 2298
2024-03-26 15:46:09.357000 ; 2342
2024-03-26 15:46:09.359011 ; 2366
2024-03-26 15:46:09.361046 ; 2357
2024-03-26 15:46:09.363053 ; 2311
2024-03-26 15:46:09.365029 ; 2218
2024-03-26 15:46:09.367043 ; 2079
2024-03-26 15:46:09.369046 ; 1905
2024-03-26 15:46:09.371090 ; 1696
2024-03-26 15:46:09.373085 ; 1461
2024-03-26 15:46:09.375115 ; 1218
2024-03-26 15:46:09.377127 ; 995
2024-03-26 15:46:09.379147 ; 769
2024-03-26 15:46:09.381157 ; 536
2024-03-26 15:46:09.383184 ; 327
2024-03-26 15:46:09.385443 ; 149
2024-03-26 15:46:09.387248 ; 66
2024-03-26 15:46:09.389293 ; 105
2024-03-26 15:46:09.391206 ; 307
2024-03-26 15:46:09.393173 ; 651
2024-03-26 15:46:09.395185 ; 1063
2024-03-26 15:46:09.397204 ; 1457
2024-03-26 15:46:09.399250 ; 1794
2024-03-26 15:46:09.401192 ; 2052
2024-03-26 15:46:09.403204 ; 2220
2024-03-26 15:46:09.405234 ; 2336
2024-03-26 15:46:09.407210 ; 2405
2024-03-26 15:46:09.409232 ; 2449
2024-03-26 15:46:09.411253 ; 2468
2024-03-26 15:46:09.413242 ; 2471
2024-03-26 15:46:09.415257 ; 2452
2024-03-26 15:46:09.417252 ; 2424
2024-03-26 15:46:09.419241 ; 2394
2024-03-26 15:46:09.421318 ; 2355
2024-03-26 15:46:09.423288 ; 2310
2024-03-26 15:46:09.425293 ; 2273
2024-03-26 15:46:09.427304 ; 2227
2024-03-26 15:46:09.429435 ; 2190
2024-03-26 15:46:09.431448 ; 2161
2024-03-26 15:46:09.433414 ; 2151
2024-03-26 15:46:09.435523 ; 2154
2024-03-26 15:46:09.437501 ; 2165
2024-03-26 15:46:09.439530 ; 2181
2024-03-26 15:46:09.441441 ; 2195
2024-03-26 15:46:09.443413 ; 2187
2024-03-26 15:46:09.445417 ; 2172
2024-03-26 15:46:09.447446 ; 2152
2024-03-26 15:46:09.449408 ; 2119
2024-03-26 15:46:09.451392 ; 2084
2024-03-26 15:46:09.453403 ; 2057
2024-03-26 15:46:09.455465 ; 2037
2024-03-26 15:46:09.457410 ; 2034
2024-03-26 15:46:09.459429 ; 2029
2024-03-26 15:46:09.461452 ; 2038
2024-03-26 15:46:09.463437 ; 2056
2024-03-26 15:46:09.465445 ; 2070
2024-03-26 15:46:09.467441 ; 2084
2024-03-26 15:46:09.469433 ; 2098
2024-03-26 15:46:09.471510 ; 2100
2024-03-26 15:46:09.473509 ; 2087
2024-03-26 15:46:09.475520 ; 2078
2024-03-26 15:46:09.477547 ; 2060
2024-03-26 15:46:09.479527 ; 2041
2024-03-26 15:46:09.481548 ; 2016
2024-03-26 15:46:09.483581 ; 1997
2024-03-26 15:46:09.485577 ; 1991
2024-03-26 15:46:09.487715 ; 1990
2024-03-26 15:46:09.489726 ; 1992
2024-03-26 15:46:09.491577 ; 1998
2024-03-26 15:46:09.493584 ; 2011
2024-03-26 15:46:09.495611 ; 2029
2024-03-26 15:46:09.497612 ; 2032
2024-03-26 15:46:09.499590 ; 2033
2024-03-26 15:46:09.501647 ; 2012
2024-03-26 15:46:09.503624 ; 1989
2024-03-26 15:46:09.505644 ; 1950
2024-03-26 15:46:09.507639 ; 1927
2024-03-26 15:46:09.509630 ; 1904
2024-03-26 15:46:09.511644 ; 1888
2024-03-26 15:46:09.513673 ; 1880
2024-03-26 15:46:09.515666 ; 1881
2024-03-26 15:46:09.517649 ; 1880
2024-03-26 15:46:09.519666 ; 1886
2024-03-26 15:46:09.521715 ; 1875
2024-03-26 15:46:09.523700 ; 1874
2024-03-26 15:46:09.525771 ; 1874
2024-03-26 15:46:09.527773 ; 1868
2024-03-26 15:46:09.529734 ; 1868
2024-03-26 15:46:09.531772 ; 1851
2024-03-26 15:46:09.533755 ; 1824
2024-03-26 15:46:09.535804 ; 1801
2024-03-26 15:46:09.537911 ; 1794
2024-03-26 15:46:09.539886 ; 1787
2024-03-26 15:46:09.541842 ; 1783
2024-03-26 15:46:09.543905 ; 1767
2024-03-26 15:46:09.545816 ; 1747
2024-03-26 15:46:09.547812 ; 1721
2024-03-26 15:46:09.549812 ; 1684
2024-03-26 15:46:09.551797 ; 1648
2024-03-26 15:46:09.553838 ; 1606
2024-03-26 15:46:09.555897 ; 1584
2024-03-26 15:46:09.557843 ; 1564
2024-03-26 15:46:09.559835 ; 1549
2024-03-26 15:46:09.561873 ; 1535
2024-03-26 15:46:09.563859 ; 1530
2024-03-26 15:46:09.565865 ; 1528
2024-03-26 15:46:09.567883 ; 1544
2024-03-26 15:46:09.569878 ; 1578
2024-03-26 15:46:09.571934 ; 1614
2024-03-26 15:46:09.573933 ; 1641
2024-03-26 15:46:09.575904 ; 1669
2024-03-26 15:46:09.577940 ; 1685
2024-03-26 15:46:09.579956 ; 1684
2024-03-26 15:46:09.582038 ; 1676
2024-03-26 15:46:09.583940 ; 1669
2024-03-26 15:46:09.586030 ; 1661
2024-03-26 15:46:09.588049 ; 1647
2024-03-26 15:46:09.590060 ; 1648
2024-03-26 15:46:09.592044 ; 1654
2024-03-26 15:46:09.594038 ; 1671
2024-03-26 15:46:09.596028 ; 1697
2024-03-26 15:46:09.598025 ; 1736
2024-03-26 15:46:09.600003 ; 1788
2024-03-26 15:46:09.601995 ; 1842
2024-03-26 15:46:09.604051 ; 1881
2024-03-26 15:46:09.606047 ; 1914
2024-03-26 15:46:09.608044 ; 1940
2024-03-26 15:46:09.610065 ; 1945
2024-03-26 15:46:09.612075 ; 1947
2024-03-26 15:46:09.614079 ; 1965
2024-03-26 15:46:09.616077 ; 1983
2024-03-26 15:46:09.618074 ; 2001
2024-03-26 15:46:09.620107 ; 2027
2024-03-26 15:46:09.622159 ; 2057
2024-03-26 15:46:09.624162 ; 2098
2024-03-26 15:46:09.626108 ; 2127
2024-03-26 15:46:09.628147 ; 2151
2024-03-26 15:46:09.630153 ; 2175
2024-03-26 15:46:09.632174 ; 2199
2024-03-26 15:46:09.634165 ; 2244
2024-03-26 15:46:09.636293 ; 2297
2024-03-26 15:46:09.638322 ; 2342
2024-03-26 15:46:09.640357 ; 2345
2024-03-26 15:46:09.642272 ; 2339
2024-03-26 15:46:09.644225 ; 2313
2024-03-26 15:46:09.646247 ; 2307
2024-03-26 15:46:09.648220 ; 2325
2024-03-26 15:46:09.650244 ; 2373
2024-03-26 15:46:09.652242 ; 2428
2024-03-26 15:46:09.654281 ; 2475
2024-03-26 15:46:09.656272 ; 2511
2024-03-26 15:46:09.658280 ; 2513
2024-03-26 15:46:09.660269 ; 2491
2024-03-26 15:46:09.662294 ; 2455
2024-03-26 15:46:09.664304 ; 2446
2024-03-26 15:46:09.666273 ; 2418
2024-03-26 15:46:09.668298 ; 2401
2024-03-26 15:46:09.670391 ; 2380
2024-03-26 15:46:09.672422 ; 2347
2024-03-26 15:46:09.674429 ; 2325
2024-03-26 15:46:09.676423 ; 2301
2024-03-26 15:46:09.678426 ; 2286
2024-03-26 15:46:09.680438 ; 2303
2024-03-26 15:46:09.682478 ; 2344
2024-03-26 15:46:09.684432 ; 2383
2024-03-26 15:46:09.686417 ; 2418
2024-03-26 15:46:09.688494 ; 2428
2024-03-26 15:46:09.690415 ; 2428
2024-03-26 15:46:09.692491 ; 2411
2024-03-26 15:46:09.694420 ; 2393
2024-03-26 15:46:09.696456 ; 2356
2024-03-26 15:46:09.698426 ; 2305
2024-03-26 15:46:09.700397 ; 2284
2024-03-26 15:46:09.702425 ; 2275
2024-03-26 15:46:09.704460 ; 2261
2024-03-26 15:46:09.706451 ; 2250
2024-03-26 15:46:09.708480 ; 2245
2024-03-26 15:46:09.710464 ; 2242
2024-03-26 15:46:09.712462 ; 2246
2024-03-26 15:46:09.714487 ; 2283
2024-03-26 15:46:09.716485 ; 2345
2024-03-26 15:46:09.718476 ; 2404
2024-03-26 15:46:09.720518 ; 2455
2024-03-26 15:46:09.722538 ; 2471
2024-03-26 15:46:09.724535 ; 2436
2024-03-26 15:46:09.726536 ; 2377
2024-03-26 15:46:09.728615 ; 2311
2024-03-26 15:46:09.730551 ; 2261
2024-03-26 15:46:09.732559 ; 2217
2024-03-26 15:46:09.734612 ; 2191
2024-03-26 15:46:09.736711 ; 2194
2024-03-26 15:46:09.738740 ; 2218
2024-03-26 15:46:09.740721 ; 2229
2024-03-26 15:46:09.742653 ; 2232
2024-03-26 15:46:09.744640 ; 2230
2024-03-26 15:46:09.746644 ; 2256
2024-03-26 15:46:09.748657 ; 2309
2024-03-26 15:46:09.750640 ; 2373
2024-03-26 15:46:09.752647 ; 2428
2024-03-26 15:46:09.754679 ; 2465
2024-03-26 15:46:09.756673 ; 2475
2024-03-26 15:46:09.758696 ; 2459
2024-03-26 15:46:09.760669 ; 2402
2024-03-26 15:46:09.762753 ; 2329
2024-03-26 15:46:09.764696 ; 2265
2024-03-26 15:46:09.766681 ; 2212
2024-03-26 15:46:09.768702 ; 2190
2024-03-26 15:46:09.770762 ; 2162
2024-03-26 15:46:09.772724 ; 2130
2024-03-26 15:46:09.774771 ; 2096
2024-03-26 15:46:09.776745 ; 2064
2024-03-26 15:46:09.778782 ; 2055
2024-03-26 15:46:09.780851 ; 2045
2024-03-26 15:46:09.782827 ; 2073
2024-03-26 15:46:09.784884 ; 2160
2024-03-26 15:46:09.787031 ; 2275
2024-03-26 15:46:09.788949 ; 2359
2024-03-26 15:46:09.790933 ; 2366
2024-03-26 15:46:09.792915 ; 2297
2024-03-26 15:46:09.794851 ; 2203
2024-03-26 15:46:09.796875 ; 2149
2024-03-26 15:46:09.798863 ; 2124
2024-03-26 15:46:09.800866 ; 2094
2024-03-26 15:46:09.802871 ; 2083
2024-03-26 15:46:09.804894 ; 2115
2024-03-26 15:46:09.806877 ; 2184
2024-03-26 15:46:09.808888 ; 2242
2024-03-26 15:46:09.810921 ; 2289
2024-03-26 15:46:09.812924 ; 2354
2024-03-26 15:46:09.814913 ; 2428
2024-03-26 15:46:09.816916 ; 2495
2024-03-26 15:46:09.818909 ; 2538
2024-03-26 15:46:09.820957 ; 2553
2024-03-26 15:46:09.822945 ; 2535
2024-03-26 15:46:09.824975 ; 2482
2024-03-26 15:46:09.826949 ; 2399
2024-03-26 15:46:09.829008 ; 2322
2024-03-26 15:46:09.830994 ; 2267
2024-03-26 15:46:09.833017 ; 2217
2024-03-26 15:46:09.835072 ; 2174
2024-03-26 15:46:09.837086 ; 2146
2024-03-26 15:46:09.839143 ; 2127
2024-03-26 15:46:09.841096 ; 2118
2024-03-26 15:46:09.843040 ; 2106
2024-03-26 15:46:09.845055 ; 2133
2024-03-26 15:46:09.847059 ; 2144
2024-03-26 15:46:09.849053 ; 2122
2024-03-26 15:46:09.851033 ; 2041
2024-03-26 15:46:09.853067 ; 1961
2024-03-26 15:46:09.855109 ; 1934
2024-03-26 15:46:09.857096 ; 1952
2024-03-26 15:46:09.859093 ; 2006
2024-03-26 15:46:09.861099 ; 2093
2024-03-26 15:46:09.863107 ; 2194
2024-03-26 15:46:09.865126 ; 2238
2024-03-26 15:46:09.867113 ; 2243
2024-03-26 15:46:09.869103 ; 2210
2024-03-26 15:46:09.871185 ; 2196
2024-03-26 15:46:09.873149 ; 2182
2024-03-26 15:46:09.875173 ; 2181
2024-03-26 15:46:09.877202 ; 2157
2024-03-26 15:46:09.879231 ; 2134
2024-03-26 15:46:09.881228 ; 2166
2024-03-26 15:46:09.883205 ; 2199
2024-03-26 15:46:09.885467 ; 2219
2024-03-26 15:46:09.887403 ; 2201
2024-03-26 15:46:09.889375 ; 2175
2024-03-26 15:46:09.891340 ; 2156
2024-03-26 15:46:09.893247 ; 2134
2024-03-26 15:46:09.895284 ; 2103
2024-03-26 15:46:09.897269 ; 2044
2024-03-26 15:46:09.899274 ; 1989
2024-03-26 15:46:09.901261 ; 1981
2024-03-26 15:46:09.903255 ; 1994
2024-03-26 15:46:09.905293 ; 2021
2024-03-26 15:46:09.907289 ; 2070
2024-03-26 15:46:09.909293 ; 2117
2024-03-26 15:46:09.911310 ; 2111
2024-03-26 15:46:09.913419 ; 2063
2024-03-26 15:46:09.915379 ; 2055
2024-03-26 15:46:09.917401 ; 2053
2024-03-26 15:46:09.919383 ; 2055
2024-03-26 15:46:09.921428 ; 2086
2024-03-26 15:46:09.923408 ; 2149
2024-03-26 15:46:09.925428 ; 2189
2024-03-26 15:46:09.927429 ; 2197
2024-03-26 15:46:09.929471 ; 2132
2024-03-26 15:46:09.931458 ; 1996
2024-03-26 15:46:09.933430 ; 1799
2024-03-26 15:46:09.935511 ; 1546
2024-03-26 15:46:09.937582 ; 1282
2024-03-26 15:46:09.939571 ; 1039
2024-03-26 15:46:09.941515 ; 814
2024-03-26 15:46:09.943479 ; 640
2024-03-26 15:46:09.945502 ; 517
2024-03-26 15:46:09.947470 ; 377
2024-03-26 15:46:09.949500 ; 221
2024-03-26 15:46:09.951492 ; 87
2024-03-26 15:46:09.953462 ; 44
2024-03-26 15:46:09.955520 ; 188
2024-03-26 15:46:09.957511 ; 547
2024-03-26 15:46:09.959504 ; 1057
2024-03-26 15:46:09.961555 ; 1600
2024-03-26 15:46:09.963525 ; 2052
2024-03-26 15:46:09.965505 ; 2358
2024-03-26 15:46:09.967525 ; 2494
2024-03-26 15:46:09.969529 ; 2506
2024-03-26 15:46:09.971585 ; 2474
2024-03-26 15:46:09.973603 ; 2411
2024-03-26 15:46:09.975637 ; 2350
2024-03-26 15:46:09.977622 ; 2306
2024-03-26 15:46:09.979658 ; 2269
2024-03-26 15:46:09.981641 ; 2226
2024-03-26 15:46:09.983643 ; 2197
2024-03-26 15:46:09.985755 ; 2187
2024-03-26 15:46:09.987730 ; 2183
2024-03-26 15:46:09.989771 ; 2188
2024-03-26 15:46:09.991691 ; 2193
2024-03-26 15:46:09.993695 ; 2242
2024-03-26 15:46:09.995674 ; 2284
2024-03-26 15:46:09.997728 ; 2260
2024-03-26 15:46:09.999676 ; 2193
2024-03-26 15:46:10.001687 ; 2127
2024-03-26 15:46:10.003709 ; 2075
2024-03-26 15:46:10.005736 ; 2066
2024-03-26 15:46:10.007703 ; 2087
2024-03-26 15:46:10.009756 ; 2102
2024-03-26 15:46:10.011738 ; 2110
2024-03-26 15:46:10.013736 ; 2066
2024-03-26 15:46:10.015712 ; 2041
2024-03-26 15:46:10.017732 ; 2005
2024-03-26 15:46:10.019722 ; 1996
2024-03-26 15:46:10.021779 ; 2017
2024-03-26 15:46:10.023795 ; 2050
2024-03-26 15:46:10.025772 ; 2044
2024-03-26 15:46:10.027834 ; 2029
2024-03-26 15:46:10.029847 ; 2049
2024-03-26 15:46:10.031825 ; 2054
2024-03-26 15:46:10.033844 ; 2048
2024-03-26 15:46:10.036155 ; 2073
2024-03-26 15:46:10.038007 ; 2059
2024-03-26 15:46:10.039967 ; 1994
2024-03-26 15:46:10.041891 ; 1952
2024-03-26 15:46:10.043879 ; 1899
2024-03-26 15:46:10.045900 ; 1846
2024-03-26 15:46:10.047961 ; 1801
2024-03-26 15:46:10.049865 ; 1771
2024-03-26 15:46:10.051874 ; 1748
2024-03-26 15:46:10.053905 ; 1735
2024-03-26 15:46:10.055918 ; 1725
2024-03-26 15:46:10.057909 ; 1697
2024-03-26 15:46:10.059932 ; 1659
2024-03-26 15:46:10.061932 ; 1685
2024-03-26 15:46:10.063939 ; 1812
2024-03-26 15:46:10.065993 ; 1958
2024-03-26 15:46:10.067944 ; 2058
2024-03-26 15:46:10.069941 ; 2146
2024-03-26 15:46:10.072005 ; 2177
2024-03-26 15:46:10.074048 ; 2131
2024-03-26 15:46:10.075970 ; 1957
2024-03-26 15:46:10.078033 ; 1764
2024-03-26 15:46:10.080039 ; 1615
2024-03-26 15:46:10.082007 ; 1570
2024-03-26 15:46:10.084116 ; 1597
2024-03-26 15:46:10.086052 ; 1599
2024-03-26 15:46:10.088202 ; 1525
2024-03-26 15:46:10.090164 ; 1486
2024-03-26 15:46:10.092102 ; 1489
2024-03-26 15:46:10.094130 ; 1519
2024-03-26 15:46:10.096098 ; 1592
2024-03-26 15:46:10.098123 ; 1677
2024-03-26 15:46:10.100070 ; 1738
2024-03-26 15:46:10.102094 ; 1767
2024-03-26 15:46:10.104143 ; 1782
2024-03-26 15:46:10.106109 ; 1804
2024-03-26 15:46:10.108152 ; 1824
2024-03-26 15:46:10.110118 ; 1855
2024-03-26 15:46:10.112144 ; 1842
2024-03-26 15:46:10.114152 ; 1775
2024-03-26 15:46:10.116139 ; 1712
2024-03-26 15:46:10.118142 ; 1605
2024-03-26 15:46:10.120176 ; 1513
2024-03-26 15:46:10.122208 ; 1458
2024-03-26 15:46:10.124188 ; 1383
2024-03-26 15:46:10.126198 ; 1295
2024-03-26 15:46:10.128265 ; 1239
2024-03-26 15:46:10.130216 ; 1227
2024-03-26 15:46:10.132253 ; 1254
2024-03-26 15:46:10.134293 ; 1306
2024-03-26 15:46:10.136363 ; 1349
2024-03-26 15:46:10.138355 ; 1403
2024-03-26 15:46:10.140292 ; 1448
2024-03-26 15:46:10.142291 ; 1462
2024-03-26 15:46:10.144295 ; 1447
2024-03-26 15:46:10.146312 ; 1447
2024-03-26 15:46:10.148331 ; 1453
2024-03-26 15:46:10.150293 ; 1481
2024-03-26 15:46:10.152290 ; 1530
2024-03-26 15:46:10.154330 ; 1573
2024-03-26 15:46:10.156409 ; 1598
2024-03-26 15:46:10.158410 ; 1606
2024-03-26 15:46:10.160423 ; 1625
2024-03-26 15:46:10.162420 ; 1645
2024-03-26 15:46:10.164413 ; 1689
2024-03-26 15:46:10.166433 ; 1755
2024-03-26 15:46:10.168396 ; 1868
2024-03-26 15:46:10.170405 ; 2006
2024-03-26 15:46:10.172444 ; 2091
2024-03-26 15:46:10.174450 ; 2149
2024-03-26 15:46:10.176432 ; 2219
2024-03-26 15:46:10.178427 ; 2235
2024-03-26 15:46:10.180449 ; 2224
2024-03-26 15:46:10.182452 ; 2213
2024-03-26 15:46:10.184510 ; 2178
2024-03-26 15:46:10.186589 ; 2115
2024-03-26 15:46:10.188604 ; 2086
2024-03-26 15:46:10.190555 ; 2111
2024-03-26 15:46:10.192526 ; 2168
2024-03-26 15:46:10.194484 ; 2227
2024-03-26 15:46:10.196519 ; 2278
2024-03-26 15:46:10.198506 ; 2317
2024-03-26 15:46:10.200497 ; 2320
2024-03-26 15:46:10.202535 ; 2299
2024-03-26 15:46:10.204543 ; 2265
2024-03-26 15:46:10.206524 ; 2215
2024-03-26 15:46:10.208551 ; 2177
2024-03-26 15:46:10.210561 ; 2200
2024-03-26 15:46:10.212554 ; 2256
2024-03-26 15:46:10.214569 ; 2328
2024-03-26 15:46:10.216574 ; 2414
2024-03-26 15:46:10.218567 ; 2511
2024-03-26 15:46:10.220604 ; 2571
2024-03-26 15:46:10.222634 ; 2592
2024-03-26 15:46:10.224629 ; 2603
2024-03-26 15:46:10.226628 ; 2545
2024-03-26 15:46:10.228682 ; 2437
2024-03-26 15:46:10.230679 ; 2349
2024-03-26 15:46:10.232670 ; 2278
2024-03-26 15:46:10.234775 ; 2242
2024-03-26 15:46:10.236750 ; 2246
2024-03-26 15:46:10.238805 ; 2246
2024-03-26 15:46:10.240838 ; 2244
2024-03-26 15:46:10.242717 ; 2235
2024-03-26 15:46:10.244702 ; 2245
2024-03-26 15:46:10.246784 ; 2266
2024-03-26 15:46:10.248746 ; 2350
2024-03-26 15:46:10.250714 ; 2454
2024-03-26 15:46:10.252731 ; 2519
2024-03-26 15:46:10.254761 ; 2470
2024-03-26 15:46:10.256740 ; 2396
2024-03-26 15:46:10.258760 ; 2340
2024-03-26 15:46:10.260784 ; 2300
2024-03-26 15:46:10.262771 ; 2271
2024-03-26 15:46:10.264788 ; 2259
2024-03-26 15:46:10.266764 ; 2277
2024-03-26 15:46:10.268767 ; 2332
2024-03-26 15:46:10.270855 ; 2387
2024-03-26 15:46:10.272835 ; 2417
2024-03-26 15:46:10.274830 ; 2406
2024-03-26 15:46:10.276874 ; 2353
2024-03-26 15:46:10.278872 ; 2278
2024-03-26 15:46:10.280874 ; 2218
2024-03-26 15:46:10.282914 ; 2184
2024-03-26 15:46:10.284889 ; 2166
2024-03-26 15:46:10.286997 ; 2118
2024-03-26 15:46:10.289036 ; 2062
2024-03-26 15:46:10.290938 ; 2076
2024-03-26 15:46:10.292962 ; 2199
2024-03-26 15:46:10.294973 ; 2396
2024-03-26 15:46:10.296997 ; 2563
2024-03-26 15:46:10.298926 ; 2659
2024-03-26 15:46:10.300933 ; 2640
2024-03-26 15:46:10.302931 ; 2497
2024-03-26 15:46:10.304974 ; 2364
2024-03-26 15:46:10.306960 ; 2262
2024-03-26 15:46:10.308987 ; 2210
2024-03-26 15:46:10.310975 ; 2165
2024-03-26 15:46:10.313019 ; 2107
2024-03-26 15:46:10.315006 ; 2062
2024-03-26 15:46:10.316975 ; 2039
2024-03-26 15:46:10.318996 ; 2039
2024-03-26 15:46:10.321044 ; 2079
2024-03-26 15:46:10.323037 ; 2117
2024-03-26 15:46:10.325065 ; 2156
2024-03-26 15:46:10.327068 ; 2199
2024-03-26 15:46:10.329075 ; 2228
2024-03-26 15:46:10.331086 ; 2237
2024-03-26 15:46:10.333103 ; 2221
2024-03-26 15:46:10.335096 ; 2183
2024-03-26 15:46:10.337162 ; 2145
2024-03-26 15:46:10.339182 ; 2112
2024-03-26 15:46:10.341143 ; 2111
2024-03-26 15:46:10.343135 ; 2132
2024-03-26 15:46:10.345145 ; 2173
2024-03-26 15:46:10.347133 ; 2243
2024-03-26 15:46:10.349158 ; 2319
2024-03-26 15:46:10.351131 ; 2358
2024-03-26 15:46:10.353124 ; 2373
2024-03-26 15:46:10.355184 ; 2335
2024-03-26 15:46:10.357204 ; 2262
