2024-03-26 15:31:23.563847 ; 2078
2024-03-26 15:31:23.565852 ; 2023
2024-03-26 15:31:23.567870 ; 1941
2024-03-26 15:31:23.569851 ; 1829
2024-03-26 15:31:23.571875 ; 1691
2024-03-26 15:31:23.573919 ; 1549
2024-03-26 15:31:23.575918 ; 1408
2024-03-26 15:31:23.577912 ; 1270
2024-03-26 15:31:23.580043 ; 1156
2024-03-26 15:31:23.582057 ; 1066
2024-03-26 15:31:23.584037 ; 1010
2024-03-26 15:31:23.586027 ; 1013
2024-03-26 15:31:23.588020 ; 1100
2024-03-26 15:31:23.590042 ; 1231
2024-03-26 15:31:23.592201 ; 1404
2024-03-26 15:31:23.594146 ; 1593
2024-03-26 15:31:23.596107 ; 1786
2024-03-26 15:31:23.598095 ; 1971
2024-03-26 15:31:23.600038 ; 2140
2024-03-26 15:31:23.602011 ; 2292
2024-03-26 15:31:23.604045 ; 2413
2024-03-26 15:31:23.606031 ; 2504
2024-03-26 15:31:23.608006 ; 2556
2024-03-26 15:31:23.610090 ; 2590
2024-03-26 15:31:23.612042 ; 2599
2024-03-26 15:31:23.614083 ; 2597
2024-03-26 15:31:23.616077 ; 2589
2024-03-26 15:31:23.618076 ; 2564
2024-03-26 15:31:23.620076 ; 2528
2024-03-26 15:31:23.622086 ; 2480
2024-03-26 15:31:23.624116 ; 2443
2024-03-26 15:31:23.626185 ; 2410
2024-03-26 15:31:23.628119 ; 2378
2024-03-26 15:31:23.630146 ; 2355
2024-03-26 15:31:23.632193 ; 2328
2024-03-26 15:31:23.634226 ; 2311
2024-03-26 15:31:23.636177 ; 2293
2024-03-26 15:31:23.638176 ; 2288
2024-03-26 15:31:23.640207 ; 2268
2024-03-26 15:31:23.642320 ; 2258
2024-03-26 15:31:23.644337 ; 2250
2024-03-26 15:31:23.646296 ; 2246
2024-03-26 15:31:23.648303 ; 2235
2024-03-26 15:31:23.650250 ; 2235
2024-03-26 15:31:23.652284 ; 2227
2024-03-26 15:31:23.654227 ; 2222
2024-03-26 15:31:23.656236 ; 2213
2024-03-26 15:31:23.658233 ; 2212
2024-03-26 15:31:23.660258 ; 2207
2024-03-26 15:31:23.662278 ; 2208
2024-03-26 15:31:23.664271 ; 2202
2024-03-26 15:31:23.666289 ; 2198
2024-03-26 15:31:23.668319 ; 2198
2024-03-26 15:31:23.670283 ; 2198
2024-03-26 15:31:23.672289 ; 2191
2024-03-26 15:31:23.674355 ; 2189
2024-03-26 15:31:23.676349 ; 2184
2024-03-26 15:31:23.678317 ; 2178
2024-03-26 15:31:23.680455 ; 2173
2024-03-26 15:31:23.682390 ; 2171
2024-03-26 15:31:23.684371 ; 2167
2024-03-26 15:31:23.686415 ; 2164
2024-03-26 15:31:23.688386 ; 2160
2024-03-26 15:31:23.690408 ; 2160
2024-03-26 15:31:23.692512 ; 2150
2024-03-26 15:31:23.694541 ; 2139
2024-03-26 15:31:23.696503 ; 2135
2024-03-26 15:31:23.698501 ; 2136
2024-03-26 15:31:23.700445 ; 2127
2024-03-26 15:31:23.702437 ; 2126
2024-03-26 15:31:23.704490 ; 2120
2024-03-26 15:31:23.706432 ; 2119
2024-03-26 15:31:23.708426 ; 2112
2024-03-26 15:31:23.710493 ; 2106
2024-03-26 15:31:23.712461 ; 2102
2024-03-26 15:31:23.714462 ; 2094
2024-03-26 15:31:23.716520 ; 2087
2024-03-26 15:31:23.718507 ; 2085
2024-03-26 15:31:23.720479 ; 2079
2024-03-26 15:31:23.722505 ; 2075
2024-03-26 15:31:23.724549 ; 2066
2024-03-26 15:31:23.726566 ; 2056
2024-03-26 15:31:23.728561 ; 2052
2024-03-26 15:31:23.730561 ; 2044
2024-03-26 15:31:23.732590 ; 2036
2024-03-26 15:31:23.734641 ; 2029
2024-03-26 15:31:23.736601 ; 2021
2024-03-26 15:31:23.738678 ; 2015
2024-03-26 15:31:23.740714 ; 2006
2024-03-26 15:31:23.742780 ; 1993
2024-03-26 15:31:23.744766 ; 1984
2024-03-26 15:31:23.746689 ; 1973
2024-03-26 15:31:23.748700 ; 1963
2024-03-26 15:31:23.750694 ; 1945
2024-03-26 15:31:23.752693 ; 1939
2024-03-26 15:31:23.754654 ; 1927
2024-03-26 15:31:23.756661 ; 1914
2024-03-26 15:31:23.758683 ; 1903
2024-03-26 15:31:23.760705 ; 1888
2024-03-26 15:31:23.762715 ; 1877
2024-03-26 15:31:23.764706 ; 1864
2024-03-26 15:31:23.766738 ; 1853
2024-03-26 15:31:23.768748 ; 1841
2024-03-26 15:31:23.770727 ; 1833
2024-03-26 15:31:23.772720 ; 1828
2024-03-26 15:31:23.774774 ; 1816
2024-03-26 15:31:23.776822 ; 1810
2024-03-26 15:31:23.778758 ; 1805
2024-03-26 15:31:23.780824 ; 1804
2024-03-26 15:31:23.782802 ; 1799
2024-03-26 15:31:23.784808 ; 1794
2024-03-26 15:31:23.786827 ; 1795
2024-03-26 15:31:23.788816 ; 1795
2024-03-26 15:31:23.790883 ; 1796
2024-03-26 15:31:23.792962 ; 1798
2024-03-26 15:31:23.794967 ; 1805
2024-03-26 15:31:23.796946 ; 1809
2024-03-26 15:31:23.798925 ; 1808
2024-03-26 15:31:23.800888 ; 1813
2024-03-26 15:31:23.802919 ; 1815
2024-03-26 15:31:23.804870 ; 1817
2024-03-26 15:31:23.806881 ; 1824
2024-03-26 15:31:23.808900 ; 1827
2024-03-26 15:31:23.810910 ; 1837
2024-03-26 15:31:23.812905 ; 1843
2024-03-26 15:31:23.814991 ; 1856
2024-03-26 15:31:23.817000 ; 1864
2024-03-26 15:31:23.819005 ; 1882
2024-03-26 15:31:23.820976 ; 1894
2024-03-26 15:31:23.823030 ; 1912
2024-03-26 15:31:23.825027 ; 1923
2024-03-26 15:31:23.827031 ; 1944
2024-03-26 15:31:23.829011 ; 1956
2024-03-26 15:31:23.831026 ; 1974
2024-03-26 15:31:23.833022 ; 1994
2024-03-26 15:31:23.835036 ; 2004
2024-03-26 15:31:23.837045 ; 2023
2024-03-26 15:31:23.839061 ; 2036
2024-03-26 15:31:23.841392 ; 2049
2024-03-26 15:31:23.843171 ; 2067
2024-03-26 15:31:23.845170 ; 2080
2024-03-26 15:31:23.847164 ; 2096
2024-03-26 15:31:23.849124 ; 2103
2024-03-26 15:31:23.851119 ; 2124
2024-03-26 15:31:23.853103 ; 2132
2024-03-26 15:31:23.855098 ; 2145
2024-03-26 15:31:23.857110 ; 2152
2024-03-26 15:31:23.859109 ; 2161
2024-03-26 15:31:23.861104 ; 2172
2024-03-26 15:31:23.863146 ; 2177
2024-03-26 15:31:23.865144 ; 2184
2024-03-26 15:31:23.867177 ; 2183
2024-03-26 15:31:23.869151 ; 2189
2024-03-26 15:31:23.871128 ; 2189
2024-03-26 15:31:23.873178 ; 2197
2024-03-26 15:31:23.875214 ; 2198
2024-03-26 15:31:23.877215 ; 2202
2024-03-26 15:31:23.879193 ; 2202
2024-03-26 15:31:23.881228 ; 2202
2024-03-26 15:31:23.883266 ; 2203
2024-03-26 15:31:23.885246 ; 2201
2024-03-26 15:31:23.887284 ; 2201
2024-03-26 15:31:23.889254 ; 2200
2024-03-26 15:31:23.891286 ; 2197
2024-03-26 15:31:23.893415 ; 2200
2024-03-26 15:31:23.895315 ; 2195
2024-03-26 15:31:23.897342 ; 2196
2024-03-26 15:31:23.899276 ; 2191
2024-03-26 15:31:23.901310 ; 2191
2024-03-26 15:31:23.903300 ; 2190
2024-03-26 15:31:23.905310 ; 2181
2024-03-26 15:31:23.907291 ; 2182
2024-03-26 15:31:23.909359 ; 2174
2024-03-26 15:31:23.911338 ; 2177
2024-03-26 15:31:23.913338 ; 2177
2024-03-26 15:31:23.915332 ; 2177
2024-03-26 15:31:23.917373 ; 2172
2024-03-26 15:31:23.919361 ; 2169
2024-03-26 15:31:23.921359 ; 2162
2024-03-26 15:31:23.923357 ; 2164
2024-03-26 15:31:23.925361 ; 2162
2024-03-26 15:31:23.927447 ; 2164
2024-03-26 15:31:23.929427 ; 2164
2024-03-26 15:31:23.931432 ; 2162
2024-03-26 15:31:23.933481 ; 2162
2024-03-26 15:31:23.935441 ; 2166
2024-03-26 15:31:23.937478 ; 2164
2024-03-26 15:31:23.939510 ; 2164
2024-03-26 15:31:23.941634 ; 2166
2024-03-26 15:31:23.943592 ; 2171
2024-03-26 15:31:23.945549 ; 2163
2024-03-26 15:31:23.947585 ; 2165
2024-03-26 15:31:23.949479 ; 2166
2024-03-26 15:31:23.951551 ; 2157
2024-03-26 15:31:23.953504 ; 2157
2024-03-26 15:31:23.955492 ; 2153
2024-03-26 15:31:23.957520 ; 2153
2024-03-26 15:31:23.959549 ; 2153
2024-03-26 15:31:23.961579 ; 2155
2024-03-26 15:31:23.963555 ; 2158
2024-03-26 15:31:23.965535 ; 2163
2024-03-26 15:31:23.967569 ; 2163
2024-03-26 15:31:23.969569 ; 2169
2024-03-26 15:31:23.971560 ; 2168
2024-03-26 15:31:23.973597 ; 2171
2024-03-26 15:31:23.975613 ; 2169
2024-03-26 15:31:23.977640 ; 2164
2024-03-26 15:31:23.979627 ; 2164
2024-03-26 15:31:23.981688 ; 2160
2024-03-26 15:31:23.983764 ; 2155
2024-03-26 15:31:23.985687 ; 2155
2024-03-26 15:31:23.987673 ; 2155
2024-03-26 15:31:23.989713 ; 2155
2024-03-26 15:31:23.991788 ; 2151
2024-03-26 15:31:23.993829 ; 2152
2024-03-26 15:31:23.995745 ; 2151
2024-03-26 15:31:23.997769 ; 2150
2024-03-26 15:31:23.999740 ; 2150
2024-03-26 15:31:24.001765 ; 2148
2024-03-26 15:31:24.003758 ; 2152
2024-03-26 15:31:24.005726 ; 2150
2024-03-26 15:31:24.007713 ; 2147
2024-03-26 15:31:24.009742 ; 2144
2024-03-26 15:31:24.011754 ; 2141
2024-03-26 15:31:24.013753 ; 2138
2024-03-26 15:31:24.015768 ; 2136
2024-03-26 15:31:24.017781 ; 2140
2024-03-26 15:31:24.019814 ; 2141
2024-03-26 15:31:24.021793 ; 2143
2024-03-26 15:31:24.023840 ; 2146
2024-03-26 15:31:24.025823 ; 2145
2024-03-26 15:31:24.027842 ; 2147
2024-03-26 15:31:24.029884 ; 2146
2024-03-26 15:31:24.031823 ; 2145
2024-03-26 15:31:24.033884 ; 2150
2024-03-26 15:31:24.035901 ; 2144
2024-03-26 15:31:24.038339 ; 2141
2024-03-26 15:31:24.039912 ; 2139
2024-03-26 15:31:24.041882 ; 2133
2024-03-26 15:31:24.043989 ; 2126
2024-03-26 15:31:24.045946 ; 2113
2024-03-26 15:31:24.048007 ; 2109
2024-03-26 15:31:24.049928 ; 2107
2024-03-26 15:31:24.052015 ; 2098
2024-03-26 15:31:24.054010 ; 2081
2024-03-26 15:31:24.056001 ; 2069
2024-03-26 15:31:24.057991 ; 2049
2024-03-26 15:31:24.060015 ; 2031
2024-03-26 15:31:24.061993 ; 2016
2024-03-26 15:31:24.064011 ; 2002
2024-03-26 15:31:24.066015 ; 1995
2024-03-26 15:31:24.068000 ; 1986
2024-03-26 15:31:24.070026 ; 1978
2024-03-26 15:31:24.072026 ; 1973
2024-03-26 15:31:24.074030 ; 1974
2024-03-26 15:31:24.076060 ; 1978
2024-03-26 15:31:24.078027 ; 1985
2024-03-26 15:31:24.080053 ; 1985
2024-03-26 15:31:24.082067 ; 1993
2024-03-26 15:31:24.084067 ; 2002
2024-03-26 15:31:24.086097 ; 2010
2024-03-26 15:31:24.088112 ; 2018
2024-03-26 15:31:24.090113 ; 2025
2024-03-26 15:31:24.092234 ; 2030
2024-03-26 15:31:24.094240 ; 2035
2024-03-26 15:31:24.096176 ; 2044
2024-03-26 15:31:24.098187 ; 2044
2024-03-26 15:31:24.100184 ; 2050
2024-03-26 15:31:24.102236 ; 2062
2024-03-26 15:31:24.104169 ; 2069
2024-03-26 15:31:24.106153 ; 2079
2024-03-26 15:31:24.108184 ; 2093
2024-03-26 15:31:24.110225 ; 2098
2024-03-26 15:31:24.112183 ; 2113
2024-03-26 15:31:24.114229 ; 2119
2024-03-26 15:31:24.116208 ; 2130
2024-03-26 15:31:24.118248 ; 2137
2024-03-26 15:31:24.120286 ; 2140
2024-03-26 15:31:24.122251 ; 2145
2024-03-26 15:31:24.124254 ; 2146
2024-03-26 15:31:24.126307 ; 2146
2024-03-26 15:31:24.128264 ; 2153
2024-03-26 15:31:24.130294 ; 2158
2024-03-26 15:31:24.132320 ; 2162
2024-03-26 15:31:24.134348 ; 2159
2024-03-26 15:31:24.136320 ; 2162
2024-03-26 15:31:24.138360 ; 2166
2024-03-26 15:31:24.140358 ; 2168
2024-03-26 15:31:24.142413 ; 2167
2024-03-26 15:31:24.144482 ; 2170
2024-03-26 15:31:24.146436 ; 2170
2024-03-26 15:31:24.148418 ; 2168
2024-03-26 15:31:24.150427 ; 2170
2024-03-26 15:31:24.152367 ; 2166
2024-03-26 15:31:24.154386 ; 2169
2024-03-26 15:31:24.156367 ; 2164
2024-03-26 15:31:24.158370 ; 2162
2024-03-26 15:31:24.160426 ; 2169
2024-03-26 15:31:24.162409 ; 2171
2024-03-26 15:31:24.164405 ; 2173
2024-03-26 15:31:24.166448 ; 2185
2024-03-26 15:31:24.168445 ; 2191
2024-03-26 15:31:24.170408 ; 2197
2024-03-26 15:31:24.172445 ; 2193
2024-03-26 15:31:24.174451 ; 2181
2024-03-26 15:31:24.176526 ; 2170
2024-03-26 15:31:24.178479 ; 2130
2024-03-26 15:31:24.180504 ; 2074
2024-03-26 15:31:24.182541 ; 1983
2024-03-26 15:31:24.184550 ; 1875
2024-03-26 15:31:24.186589 ; 1737
2024-03-26 15:31:24.188559 ; 1588
2024-03-26 15:31:24.190559 ; 1438
2024-03-26 15:31:24.192589 ; 1306
2024-03-26 15:31:24.194658 ; 1184
2024-03-26 15:31:24.196651 ; 1088
2024-03-26 15:31:24.198661 ; 1022
2024-03-26 15:31:24.200607 ; 1020
2024-03-26 15:31:24.202668 ; 1091
2024-03-26 15:31:24.204600 ; 1221
2024-03-26 15:31:24.206594 ; 1386
2024-03-26 15:31:24.208593 ; 1567
2024-03-26 15:31:24.210627 ; 1757
2024-03-26 15:31:24.212628 ; 1945
2024-03-26 15:31:24.214640 ; 2112
2024-03-26 15:31:24.216649 ; 2258
2024-03-26 15:31:24.218675 ; 2388
2024-03-26 15:31:24.220642 ; 2473
2024-03-26 15:31:24.222646 ; 2526
2024-03-26 15:31:24.224718 ; 2548
2024-03-26 15:31:24.226742 ; 2555
2024-03-26 15:31:24.228713 ; 2555
2024-03-26 15:31:24.230736 ; 2541
2024-03-26 15:31:24.232758 ; 2508
2024-03-26 15:31:24.234783 ; 2465
2024-03-26 15:31:24.236777 ; 2432
2024-03-26 15:31:24.238768 ; 2403
2024-03-26 15:31:24.240821 ; 2376
2024-03-26 15:31:24.242868 ; 2357
2024-03-26 15:31:24.244909 ; 2345
2024-03-26 15:31:24.246885 ; 2336
2024-03-26 15:31:24.248956 ; 2311
2024-03-26 15:31:24.250816 ; 2300
2024-03-26 15:31:24.252846 ; 2284
2024-03-26 15:31:24.254795 ; 2277
2024-03-26 15:31:24.256795 ; 2262
2024-03-26 15:31:24.258837 ; 2257
2024-03-26 15:31:24.260881 ; 2243
2024-03-26 15:31:24.262847 ; 2234
2024-03-26 15:31:24.264856 ; 2226
2024-03-26 15:31:24.266866 ; 2217
2024-03-26 15:31:24.268857 ; 2208
2024-03-26 15:31:24.270872 ; 2205
2024-03-26 15:31:24.272921 ; 2203
2024-03-26 15:31:24.274878 ; 2201
2024-03-26 15:31:24.276954 ; 2196
2024-03-26 15:31:24.278911 ; 2188
2024-03-26 15:31:24.280916 ; 2182
2024-03-26 15:31:24.283074 ; 2175
2024-03-26 15:31:24.285019 ; 2171
2024-03-26 15:31:24.287069 ; 2162
2024-03-26 15:31:24.289033 ; 2160
2024-03-26 15:31:24.291054 ; 2157
2024-03-26 15:31:24.293189 ; 2153
2024-03-26 15:31:24.295141 ; 2150
2024-03-26 15:31:24.297116 ; 2147
2024-03-26 15:31:24.299082 ; 2143
2024-03-26 15:31:24.301036 ; 2136
2024-03-26 15:31:24.303072 ; 2130
2024-03-26 15:31:24.305033 ; 2125
2024-03-26 15:31:24.307067 ; 2123
2024-03-26 15:31:24.309038 ; 2117
2024-03-26 15:31:24.311058 ; 2108
2024-03-26 15:31:24.313086 ; 2104
2024-03-26 15:31:24.315066 ; 2097
2024-03-26 15:31:24.317068 ; 2087
2024-03-26 15:31:24.319081 ; 2083
2024-03-26 15:31:24.321064 ; 2080
2024-03-26 15:31:24.323131 ; 2075
2024-03-26 15:31:24.325128 ; 2074
2024-03-26 15:31:24.327160 ; 2063
2024-03-26 15:31:24.329118 ; 2061
2024-03-26 15:31:24.331181 ; 2057
2024-03-26 15:31:24.333185 ; 2050
2024-03-26 15:31:24.335253 ; 2046
2024-03-26 15:31:24.337223 ; 2037
2024-03-26 15:31:24.339161 ; 2031
2024-03-26 15:31:24.341240 ; 2023
2024-03-26 15:31:24.343353 ; 2015
2024-03-26 15:31:24.345316 ; 2007
2024-03-26 15:31:24.347292 ; 2000
2024-03-26 15:31:24.349296 ; 1991
2024-03-26 15:31:24.351255 ; 1983
2024-03-26 15:31:24.353253 ; 1974
2024-03-26 15:31:24.355234 ; 1964
2024-03-26 15:31:24.357249 ; 1959
2024-03-26 15:31:24.359284 ; 1946
2024-03-26 15:31:24.361273 ; 1938
2024-03-26 15:31:24.363272 ; 1926
2024-03-26 15:31:24.365254 ; 1918
2024-03-26 15:31:24.367303 ; 1906
2024-03-26 15:31:24.369305 ; 1892
2024-03-26 15:31:24.371264 ; 1881
2024-03-26 15:31:24.373335 ; 1872
2024-03-26 15:31:24.375312 ; 1867
2024-03-26 15:31:24.377397 ; 1872
2024-03-26 15:31:24.379362 ; 1844
2024-03-26 15:31:24.381385 ; 1842
2024-03-26 15:31:24.383385 ; 1842
2024-03-26 15:31:24.385391 ; 1826
2024-03-26 15:31:24.387408 ; 1821
2024-03-26 15:31:24.389444 ; 1812
2024-03-26 15:31:24.391581 ; 1807
2024-03-26 15:31:24.393521 ; 1805
2024-03-26 15:31:24.395498 ; 1798
2024-03-26 15:31:24.397552 ; 1799
2024-03-26 15:31:24.399454 ; 1797
2024-03-26 15:31:24.401478 ; 1798
2024-03-26 15:31:24.403481 ; 1796
2024-03-26 15:31:24.405492 ; 1794
2024-03-26 15:31:24.407455 ; 1795
2024-03-26 15:31:24.409509 ; 1793
2024-03-26 15:31:24.411485 ; 1794
2024-03-26 15:31:24.413517 ; 1798
2024-03-26 15:31:24.415483 ; 1796
2024-03-26 15:31:24.417507 ; 1800
2024-03-26 15:31:24.419522 ; 1803
2024-03-26 15:31:24.421499 ; 1810
2024-03-26 15:31:24.423549 ; 1818
2024-03-26 15:31:24.425569 ; 1824
2024-03-26 15:31:24.427564 ; 1832
2024-03-26 15:31:24.429581 ; 1839
2024-03-26 15:31:24.431661 ; 1847
2024-03-26 15:31:24.433611 ; 1862
2024-03-26 15:31:24.435602 ; 1871
2024-03-26 15:31:24.437640 ; 1884
2024-03-26 15:31:24.439638 ; 1898
2024-03-26 15:31:24.441719 ; 1916
2024-03-26 15:31:24.443766 ; 1929
2024-03-26 15:31:24.445677 ; 1942
2024-03-26 15:31:24.447691 ; 1951
2024-03-26 15:31:24.449651 ; 1971
2024-03-26 15:31:24.451697 ; 1985
2024-03-26 15:31:24.453672 ; 1995
2024-03-26 15:31:24.455662 ; 2008
2024-03-26 15:31:24.457660 ; 2023
2024-03-26 15:31:24.459713 ; 2042
2024-03-26 15:31:24.461731 ; 2047
2024-03-26 15:31:24.463705 ; 2063
2024-03-26 15:31:24.465725 ; 2074
2024-03-26 15:31:24.467736 ; 2079
2024-03-26 15:31:24.469727 ; 2090
2024-03-26 15:31:24.471733 ; 2095
2024-03-26 15:31:24.473782 ; 2104
2024-03-26 15:31:24.475759 ; 2112
2024-03-26 15:31:24.477799 ; 2119
2024-03-26 15:31:24.479789 ; 2123
2024-03-26 15:31:24.481814 ; 2131
2024-03-26 15:31:24.483875 ; 2134
2024-03-26 15:31:24.485816 ; 2146
2024-03-26 15:31:24.487814 ; 2145
2024-03-26 15:31:24.489860 ; 2145
2024-03-26 15:31:24.492125 ; 2150
2024-03-26 15:31:24.493985 ; 2149
2024-03-26 15:31:24.495961 ; 2149
2024-03-26 15:31:24.497972 ; 2153
2024-03-26 15:31:24.499874 ; 2154
2024-03-26 15:31:24.501892 ; 2152
2024-03-26 15:31:24.503890 ; 2150
2024-03-26 15:31:24.505863 ; 2152
2024-03-26 15:31:24.507871 ; 2148
2024-03-26 15:31:24.509919 ; 2151
2024-03-26 15:31:24.511918 ; 2150
2024-03-26 15:31:24.513930 ; 2153
2024-03-26 15:31:24.515938 ; 2151
2024-03-26 15:31:24.517924 ; 2148
2024-03-26 15:31:24.520015 ; 2143
2024-03-26 15:31:24.522000 ; 2147
2024-03-26 15:31:24.524039 ; 2141
2024-03-26 15:31:24.526066 ; 2143
2024-03-26 15:31:24.528043 ; 2140
2024-03-26 15:31:24.530045 ; 2138
2024-03-26 15:31:24.532011 ; 2136
2024-03-26 15:31:24.534053 ; 2134
2024-03-26 15:31:24.536024 ; 2130
2024-03-26 15:31:24.538103 ; 2130
2024-03-26 15:31:24.540031 ; 2128
2024-03-26 15:31:24.542386 ; 2130
2024-03-26 15:31:24.544204 ; 2126
2024-03-26 15:31:24.546115 ; 2124
2024-03-26 15:31:24.548165 ; 2125
2024-03-26 15:31:24.550142 ; 2126
2024-03-26 15:31:24.552102 ; 2125
2024-03-26 15:31:24.554096 ; 2125
2024-03-26 15:31:24.556109 ; 2123
2024-03-26 15:31:24.558082 ; 2121
2024-03-26 15:31:24.560135 ; 2121
2024-03-26 15:31:24.562116 ; 2122
2024-03-26 15:31:24.564120 ; 2119
2024-03-26 15:31:24.566152 ; 2116
2024-03-26 15:31:24.568143 ; 2113
2024-03-26 15:31:24.570137 ; 2108
2024-03-26 15:31:24.572153 ; 2111
2024-03-26 15:31:24.574155 ; 2106
2024-03-26 15:31:24.576203 ; 2112
2024-03-26 15:31:24.578195 ; 2109
2024-03-26 15:31:24.580214 ; 2108
2024-03-26 15:31:24.582233 ; 2111
2024-03-26 15:31:24.584275 ; 2110
2024-03-26 15:31:24.586259 ; 2108
2024-03-26 15:31:24.588245 ; 2110
2024-03-26 15:31:24.590329 ; 2110
2024-03-26 15:31:24.592356 ; 2110
2024-03-26 15:31:24.594415 ; 2117
2024-03-26 15:31:24.596371 ; 2117
2024-03-26 15:31:24.598359 ; 2119
2024-03-26 15:31:24.600326 ; 2122
2024-03-26 15:31:24.602318 ; 2118
2024-03-26 15:31:24.604309 ; 2118
2024-03-26 15:31:24.606308 ; 2122
2024-03-26 15:31:24.608304 ; 2120
2024-03-26 15:31:24.610338 ; 2123
2024-03-26 15:31:24.612341 ; 2117
2024-03-26 15:31:24.614341 ; 2116
2024-03-26 15:31:24.616354 ; 2124
2024-03-26 15:31:24.618412 ; 2121
2024-03-26 15:31:24.620370 ; 2126
2024-03-26 15:31:24.622361 ; 2129
2024-03-26 15:31:24.624421 ; 2132
2024-03-26 15:31:24.626482 ; 2135
2024-03-26 15:31:24.628450 ; 2139
2024-03-26 15:31:24.630446 ; 2142
2024-03-26 15:31:24.632428 ; 2140
2024-03-26 15:31:24.634467 ; 2140
2024-03-26 15:31:24.636474 ; 2140
2024-03-26 15:31:24.638427 ; 2131
2024-03-26 15:31:24.640547 ; 2130
2024-03-26 15:31:24.642555 ; 2125
2024-03-26 15:31:24.644644 ; 2111
2024-03-26 15:31:24.646574 ; 2099
2024-03-26 15:31:24.648642 ; 2087
2024-03-26 15:31:24.650559 ; 2074
2024-03-26 15:31:24.652529 ; 2057
2024-03-26 15:31:24.654552 ; 2045
2024-03-26 15:31:24.656559 ; 2034
2024-03-26 15:31:24.658534 ; 2038
2024-03-26 15:31:24.660551 ; 2024
2024-03-26 15:31:24.662545 ; 2029
2024-03-26 15:31:24.664557 ; 2020
2024-03-26 15:31:24.666576 ; 2020
2024-03-26 15:31:24.668588 ; 2023
2024-03-26 15:31:24.670579 ; 2027
2024-03-26 15:31:24.672580 ; 2034
2024-03-26 15:31:24.674585 ; 2041
2024-03-26 15:31:24.676647 ; 2055
2024-03-26 15:31:24.678672 ; 2064
2024-03-26 15:31:24.680727 ; 2071
2024-03-26 15:31:24.682672 ; 2078
2024-03-26 15:31:24.684647 ; 2089
2024-03-26 15:31:24.686772 ; 2096
2024-03-26 15:31:24.688774 ; 2111
2024-03-26 15:31:24.690749 ; 2114
2024-03-26 15:31:24.692731 ; 2122
2024-03-26 15:31:24.694829 ; 2125
2024-03-26 15:31:24.696805 ; 2138
2024-03-26 15:31:24.698848 ; 2149
2024-03-26 15:31:24.700803 ; 2158
2024-03-26 15:31:24.702736 ; 2168
2024-03-26 15:31:24.704718 ; 2180
2024-03-26 15:31:24.706724 ; 2187
2024-03-26 15:31:24.708749 ; 2200
2024-03-26 15:31:24.710748 ; 2209
2024-03-26 15:31:24.712770 ; 2208
2024-03-26 15:31:24.714754 ; 2215
2024-03-26 15:31:24.716768 ; 2219
2024-03-26 15:31:24.718787 ; 2221
2024-03-26 15:31:24.720781 ; 2221
2024-03-26 15:31:24.722790 ; 2225
2024-03-26 15:31:24.724814 ; 2223
2024-03-26 15:31:24.726897 ; 2226
2024-03-26 15:31:24.728908 ; 2225
2024-03-26 15:31:24.730867 ; 2223
2024-03-26 15:31:24.732875 ; 2223
2024-03-26 15:31:24.734871 ; 2225
2024-03-26 15:31:24.736903 ; 2222
2024-03-26 15:31:24.738909 ; 2223
2024-03-26 15:31:24.740919 ; 2224
2024-03-26 15:31:24.742976 ; 2220
2024-03-26 15:31:24.744930 ; 2217
2024-03-26 15:31:24.746998 ; 2216
2024-03-26 15:31:24.748940 ; 2211
2024-03-26 15:31:24.750982 ; 2211
2024-03-26 15:31:24.753024 ; 2206
2024-03-26 15:31:24.754998 ; 2210
2024-03-26 15:31:24.756993 ; 2212
2024-03-26 15:31:24.759015 ; 2215
2024-03-26 15:31:24.761047 ; 2217
2024-03-26 15:31:24.763093 ; 2227
2024-03-26 15:31:24.765025 ; 2223
2024-03-26 15:31:24.767021 ; 2218
2024-03-26 15:31:24.769018 ; 2201
2024-03-26 15:31:24.771001 ; 2167
2024-03-26 15:31:24.773016 ; 2113
2024-03-26 15:31:24.775008 ; 2039
2024-03-26 15:31:24.777080 ; 1936
2024-03-26 15:31:24.779068 ; 1805
2024-03-26 15:31:24.781039 ; 1660
2024-03-26 15:31:24.783097 ; 1510
2024-03-26 15:31:24.785124 ; 1374
2024-03-26 15:31:24.787127 ; 1251
2024-03-26 15:31:24.789113 ; 1154
2024-03-26 15:31:24.791136 ; 1088
2024-03-26 15:31:24.793201 ; 1080
2024-03-26 15:31:24.795201 ; 1147
2024-03-26 15:31:24.797234 ; 1276
2024-03-26 15:31:24.799215 ; 1430
2024-03-26 15:31:24.801180 ; 1616
2024-03-26 15:31:24.803182 ; 1803
2024-03-26 15:31:24.805211 ; 1988
2024-03-26 15:31:24.807177 ; 2152
2024-03-26 15:31:24.809176 ; 2299
2024-03-26 15:31:24.811226 ; 2426
2024-03-26 15:31:24.813214 ; 2506
2024-03-26 15:31:24.815196 ; 2556
2024-03-26 15:31:24.817236 ; 2578
2024-03-26 15:31:24.819228 ; 2584
2024-03-26 15:31:24.821204 ; 2584
2024-03-26 15:31:24.823248 ; 2573
2024-03-26 15:31:24.825254 ; 2547
2024-03-26 15:31:24.827296 ; 2503
2024-03-26 15:31:24.829288 ; 2467
2024-03-26 15:31:24.831310 ; 2436
2024-03-26 15:31:24.833339 ; 2405
2024-03-26 15:31:24.835325 ; 2386
2024-03-26 15:31:24.837358 ; 2367
2024-03-26 15:31:24.839313 ; 2350
2024-03-26 15:31:24.841379 ; 2337
2024-03-26 15:31:24.843486 ; 2324
2024-03-26 15:31:24.845455 ; 2311
2024-03-26 15:31:24.847456 ; 2298
2024-03-26 15:31:24.849391 ; 2287
2024-03-26 15:31:24.851452 ; 2282
2024-03-26 15:31:24.853407 ; 2272
2024-03-26 15:31:24.855451 ; 2261
2024-03-26 15:31:24.857377 ; 2254
2024-03-26 15:31:24.859442 ; 2244
2024-03-26 15:31:24.861410 ; 2241
2024-03-26 15:31:24.863414 ; 2233
2024-03-26 15:31:24.865419 ; 2227
2024-03-26 15:31:24.867442 ; 2221
2024-03-26 15:31:24.869455 ; 2222
2024-03-26 15:31:24.871443 ; 2214
2024-03-26 15:31:24.873509 ; 2210
2024-03-26 15:31:24.875494 ; 2214
2024-03-26 15:31:24.877528 ; 2200
2024-03-26 15:31:24.879502 ; 2192
2024-03-26 15:31:24.881558 ; 2188
2024-03-26 15:31:24.883604 ; 2185
2024-03-26 15:31:24.885561 ; 2179
2024-03-26 15:31:24.887547 ; 2172
2024-03-26 15:31:24.889550 ; 2168
2024-03-26 15:31:24.891592 ; 2164
2024-03-26 15:31:24.893700 ; 2159
2024-03-26 15:31:24.895650 ; 2154
2024-03-26 15:31:24.897665 ; 2148
2024-03-26 15:31:24.899626 ; 2148
2024-03-26 15:31:24.901640 ; 2140
2024-03-26 15:31:24.903601 ; 2132
2024-03-26 15:31:24.905638 ; 2127
2024-03-26 15:31:24.907620 ; 2123
2024-03-26 15:31:24.909655 ; 2117
2024-03-26 15:31:24.911640 ; 2109
2024-03-26 15:31:24.913636 ; 2103
2024-03-26 15:31:24.915693 ; 2100
2024-03-26 15:31:24.917668 ; 2091
2024-03-26 15:31:24.919673 ; 2085
2024-03-26 15:31:24.921667 ; 2083
2024-03-26 15:31:24.923711 ; 2076
2024-03-26 15:31:24.925684 ; 2073
2024-03-26 15:31:24.927743 ; 2065
2024-03-26 15:31:24.929731 ; 2061
2024-03-26 15:31:24.931701 ; 2052
2024-03-26 15:31:24.933786 ; 2047
2024-03-26 15:31:24.935812 ; 2043
2024-03-26 15:31:24.937764 ; 2030
2024-03-26 15:31:24.939770 ; 2018
2024-03-26 15:31:24.941792 ; 2005
2024-03-26 15:31:24.943887 ; 1992
2024-03-26 15:31:24.945804 ; 1981
2024-03-26 15:31:24.947848 ; 1966
2024-03-26 15:31:24.949783 ; 1955
2024-03-26 15:31:24.951835 ; 1949
2024-03-26 15:31:24.953817 ; 1931
2024-03-26 15:31:24.955787 ; 1925
2024-03-26 15:31:24.957821 ; 1910
2024-03-26 15:31:24.959853 ; 1896
2024-03-26 15:31:24.961823 ; 1886
2024-03-26 15:31:24.963872 ; 1873
2024-03-26 15:31:24.965904 ; 1859
2024-03-26 15:31:24.967857 ; 1849
2024-03-26 15:31:24.969880 ; 1839
2024-03-26 15:31:24.971861 ; 1833
2024-03-26 15:31:24.973910 ; 1825
2024-03-26 15:31:24.975933 ; 1817
2024-03-26 15:31:24.977921 ; 1807
2024-03-26 15:31:24.979933 ; 1798
2024-03-26 15:31:24.981933 ; 1796
2024-03-26 15:31:24.984011 ; 1785
2024-03-26 15:31:24.985943 ; 1778
2024-03-26 15:31:24.988058 ; 1772
2024-03-26 15:31:24.990057 ; 1767
2024-03-26 15:31:24.992309 ; 1763
2024-03-26 15:31:24.994173 ; 1760
2024-03-26 15:31:24.996186 ; 1761
2024-03-26 15:31:24.998162 ; 1755
2024-03-26 15:31:25.000088 ; 1757
2024-03-26 15:31:25.002061 ; 1761
2024-03-26 15:31:25.004063 ; 1764
2024-03-26 15:31:25.006018 ; 1771
2024-03-26 15:31:25.008030 ; 1775
2024-03-26 15:31:25.010085 ; 1780
2024-03-26 15:31:25.012057 ; 1787
2024-03-26 15:31:25.014114 ; 1793
2024-03-26 15:31:25.016089 ; 1803
2024-03-26 15:31:25.018094 ; 1814
2024-03-26 15:31:25.020074 ; 1826
2024-03-26 15:31:25.022108 ; 1851
2024-03-26 15:31:25.024127 ; 1849
2024-03-26 15:31:25.026176 ; 1863
2024-03-26 15:31:25.028159 ; 1881
2024-03-26 15:31:25.030152 ; 1894
2024-03-26 15:31:25.032136 ; 1915
2024-03-26 15:31:25.034203 ; 1931
2024-03-26 15:31:25.036212 ; 1949
2024-03-26 15:31:25.038159 ; 1968
2024-03-26 15:31:25.040227 ; 1991
2024-03-26 15:31:25.042320 ; 2006
2024-03-26 15:31:25.044332 ; 2023
2024-03-26 15:31:25.046266 ; 2035
2024-03-26 15:31:25.048315 ; 2050
2024-03-26 15:31:25.050232 ; 2062
2024-03-26 15:31:25.052247 ; 2074
2024-03-26 15:31:25.054295 ; 2084
2024-03-26 15:31:25.056233 ; 2096
2024-03-26 15:31:25.058241 ; 2109
2024-03-26 15:31:25.060280 ; 2126
2024-03-26 15:31:25.062252 ; 2140
2024-03-26 15:31:25.064290 ; 2152
2024-03-26 15:31:25.066307 ; 2156
2024-03-26 15:31:25.068288 ; 2165
2024-03-26 15:31:25.070310 ; 2168
2024-03-26 15:31:25.072323 ; 2177
2024-03-26 15:31:25.074321 ; 2182
2024-03-26 15:31:25.076387 ; 2192
2024-03-26 15:31:25.078329 ; 2193
2024-03-26 15:31:25.080363 ; 2196
2024-03-26 15:31:25.082425 ; 2196
2024-03-26 15:31:25.084450 ; 2195
2024-03-26 15:31:25.086391 ; 2196
2024-03-26 15:31:25.088390 ; 2197
2024-03-26 15:31:25.090415 ; 2198
2024-03-26 15:31:25.092529 ; 2212
2024-03-26 15:31:25.094559 ; 2201
2024-03-26 15:31:25.096519 ; 2206
2024-03-26 15:31:25.098531 ; 2203
2024-03-26 15:31:25.100461 ; 2206
2024-03-26 15:31:25.102479 ; 2203
2024-03-26 15:31:25.104473 ; 2199
2024-03-26 15:31:25.106437 ; 2194
2024-03-26 15:31:25.108443 ; 2193
2024-03-26 15:31:25.110499 ; 2185
2024-03-26 15:31:25.112499 ; 2187
2024-03-26 15:31:25.114485 ; 2183
2024-03-26 15:31:25.116518 ; 2185
2024-03-26 15:31:25.118534 ; 2184
2024-03-26 15:31:25.120501 ; 2183
2024-03-26 15:31:25.122527 ; 2179
2024-03-26 15:31:25.124534 ; 2175
2024-03-26 15:31:25.126571 ; 2179
2024-03-26 15:31:25.128555 ; 2178
2024-03-26 15:31:25.130614 ; 2174
2024-03-26 15:31:25.132618 ; 2175
2024-03-26 15:31:25.134685 ; 2174
2024-03-26 15:31:25.136661 ; 2173
2024-03-26 15:31:25.138608 ; 2175
2024-03-26 15:31:25.140644 ; 2177
2024-03-26 15:31:25.142823 ; 2175
2024-03-26 15:31:25.144756 ; 2178
2024-03-26 15:31:25.146702 ; 2174
2024-03-26 15:31:25.148736 ; 2179
2024-03-26 15:31:25.150682 ; 2180
2024-03-26 15:31:25.152734 ; 2179
2024-03-26 15:31:25.154682 ; 2177
2024-03-26 15:31:25.156664 ; 2178
2024-03-26 15:31:25.158688 ; 2174
2024-03-26 15:31:25.160701 ; 2172
2024-03-26 15:31:25.162689 ; 2178
2024-03-26 15:31:25.164713 ; 2174
2024-03-26 15:31:25.166717 ; 2172
2024-03-26 15:31:25.168749 ; 2173
2024-03-26 15:31:25.170712 ; 2172
2024-03-26 15:31:25.172723 ; 2168
2024-03-26 15:31:25.174729 ; 2165
2024-03-26 15:31:25.176803 ; 2170
2024-03-26 15:31:25.178785 ; 2169
2024-03-26 15:31:25.180773 ; 2173
2024-03-26 15:31:25.182838 ; 2166
2024-03-26 15:31:25.184844 ; 2175
2024-03-26 15:31:25.186826 ; 2169
2024-03-26 15:31:25.188833 ; 2171
2024-03-26 15:31:25.190832 ; 2170
2024-03-26 15:31:25.192994 ; 2166
2024-03-26 15:31:25.194992 ; 2168
2024-03-26 15:31:25.196959 ; 2164
2024-03-26 15:31:25.198869 ; 2167
2024-03-26 15:31:25.200880 ; 2165
2024-03-26 15:31:25.202868 ; 2159
2024-03-26 15:31:25.204864 ; 2161
2024-03-26 15:31:25.206872 ; 2156
2024-03-26 15:31:25.208913 ; 2154
2024-03-26 15:31:25.210928 ; 2152
2024-03-26 15:31:25.212913 ; 2156
2024-03-26 15:31:25.214986 ; 2152
2024-03-26 15:31:25.216947 ; 2143
2024-03-26 15:31:25.218958 ; 2136
2024-03-26 15:31:25.220924 ; 2132
2024-03-26 15:31:25.223087 ; 2122
2024-03-26 15:31:25.225031 ; 2117
2024-03-26 15:31:25.227081 ; 2109
2024-03-26 15:31:25.229060 ; 2091
2024-03-26 15:31:25.231136 ; 2074
2024-03-26 15:31:25.233060 ; 2058
2024-03-26 15:31:25.235064 ; 2040
2024-03-26 15:31:25.237037 ; 2030
2024-03-26 15:31:25.239077 ; 2016
2024-03-26 15:31:25.241139 ; 2010
2024-03-26 15:31:25.243167 ; 2011
2024-03-26 15:31:25.245135 ; 2014
2024-03-26 15:31:25.247174 ; 2009
2024-03-26 15:31:25.249205 ; 2009
2024-03-26 15:31:25.251100 ; 2012
2024-03-26 15:31:25.253152 ; 2011
2024-03-26 15:31:25.255073 ; 2023
2024-03-26 15:31:25.257085 ; 2022
2024-03-26 15:31:25.259114 ; 2031
2024-03-26 15:31:25.261133 ; 2042
2024-03-26 15:31:25.263133 ; 2045
2024-03-26 15:31:25.265142 ; 2052
2024-03-26 15:31:25.267147 ; 2060
2024-03-26 15:31:25.269156 ; 2062
2024-03-26 15:31:25.271173 ; 2069
2024-03-26 15:31:25.273156 ; 2069
2024-03-26 15:31:25.275167 ; 2076
2024-03-26 15:31:25.277255 ; 2087
2024-03-26 15:31:25.279254 ; 2097
2024-03-26 15:31:25.281246 ; 2107
2024-03-26 15:31:25.283255 ; 2112
2024-03-26 15:31:25.285288 ; 2126
2024-03-26 15:31:25.287268 ; 2138
2024-03-26 15:31:25.289269 ; 2153
2024-03-26 15:31:25.291342 ; 2165
2024-03-26 15:31:25.293359 ; 2173
2024-03-26 15:31:25.295339 ; 2182
2024-03-26 15:31:25.297362 ; 2192
2024-03-26 15:31:25.299307 ; 2189
2024-03-26 15:31:25.301309 ; 2192
2024-03-26 15:31:25.303309 ; 2191
2024-03-26 15:31:25.305297 ; 2190
2024-03-26 15:31:25.307309 ; 2192
2024-03-26 15:31:25.309341 ; 2195
2024-03-26 15:31:25.311329 ; 2196
2024-03-26 15:31:25.313337 ; 2196
2024-03-26 15:31:25.315333 ; 2197
2024-03-26 15:31:25.317352 ; 2207
2024-03-26 15:31:25.319370 ; 2208
2024-03-26 15:31:25.321350 ; 2207
2024-03-26 15:31:25.323400 ; 2207
2024-03-26 15:31:25.325382 ; 2207
2024-03-26 15:31:25.327439 ; 2203
2024-03-26 15:31:25.329413 ; 2202
2024-03-26 15:31:25.331449 ; 2201
2024-03-26 15:31:25.333467 ; 2195
2024-03-26 15:31:25.335454 ; 2191
2024-03-26 15:31:25.337477 ; 2196
2024-03-26 15:31:25.339492 ; 2193
2024-03-26 15:31:25.341676 ; 2200
2024-03-26 15:31:25.343629 ; 2203
2024-03-26 15:31:25.345597 ; 2204
2024-03-26 15:31:25.347616 ; 2209
2024-03-26 15:31:25.349562 ; 2193
2024-03-26 15:31:25.351536 ; 2177
2024-03-26 15:31:25.353558 ; 2147
2024-03-26 15:31:25.355517 ; 2105
2024-03-26 15:31:25.357562 ; 2035
2024-03-26 15:31:25.359587 ; 1933
2024-03-26 15:31:25.361551 ; 1808
2024-03-26 15:31:25.363552 ; 1669
2024-03-26 15:31:25.365560 ; 1531
2024-03-26 15:31:25.367576 ; 1385
2024-03-26 15:31:25.369591 ; 1259
2024-03-26 15:31:25.371574 ; 1155
2024-03-26 15:31:25.373629 ; 1075
2024-03-26 15:31:25.375625 ; 1052
2024-03-26 15:31:25.377673 ; 1100
2024-03-26 15:31:25.379656 ; 1225
2024-03-26 15:31:25.381693 ; 1387
2024-03-26 15:31:25.383697 ; 1572
2024-03-26 15:31:25.385690 ; 1767
2024-03-26 15:31:25.387665 ; 1952
2024-03-26 15:31:25.389680 ; 2127
2024-03-26 15:31:25.391712 ; 2283
2024-03-26 15:31:25.393780 ; 2417
2024-03-26 15:31:25.395785 ; 2523
2024-03-26 15:31:25.397757 ; 2597
2024-03-26 15:31:25.399728 ; 2640
2024-03-26 15:31:25.401765 ; 2654
2024-03-26 15:31:25.403742 ; 2654
2024-03-26 15:31:25.405736 ; 2644
2024-03-26 15:31:25.407734 ; 2615
2024-03-26 15:31:25.409782 ; 2571
2024-03-26 15:31:25.411780 ; 2525
2024-03-26 15:31:25.413800 ; 2473
2024-03-26 15:31:25.415768 ; 2440
2024-03-26 15:31:25.417786 ; 2400
2024-03-26 15:31:25.419806 ; 2369
2024-03-26 15:31:25.421771 ; 2345
2024-03-26 15:31:25.423843 ; 2324
2024-03-26 15:31:25.425837 ; 2300
2024-03-26 15:31:25.427837 ; 2291
2024-03-26 15:31:25.429858 ; 2280
2024-03-26 15:31:25.431883 ; 2269
2024-03-26 15:31:25.433962 ; 2256
2024-03-26 15:31:25.435877 ; 2247
2024-03-26 15:31:25.437890 ; 2242
2024-03-26 15:31:25.439994 ; 2240
2024-03-26 15:31:25.442016 ; 2235
2024-03-26 15:31:25.444035 ; 2229
2024-03-26 15:31:25.445979 ; 2226
2024-03-26 15:31:25.448026 ; 2221
2024-03-26 15:31:25.449935 ; 2218
2024-03-26 15:31:25.451948 ; 2213
2024-03-26 15:31:25.453963 ; 2217
2024-03-26 15:31:25.455976 ; 2204
2024-03-26 15:31:25.457935 ; 2198
2024-03-26 15:31:25.460076 ; 2191
2024-03-26 15:31:25.462044 ; 2191
2024-03-26 15:31:25.464082 ; 2184
2024-03-26 15:31:25.466073 ; 2177
2024-03-26 15:31:25.468046 ; 2170
2024-03-26 15:31:25.470061 ; 2159
2024-03-26 15:31:25.472040 ; 2154
2024-03-26 15:31:25.474077 ; 2151
2024-03-26 15:31:25.476141 ; 2148
2024-03-26 15:31:25.478062 ; 2149
2024-03-26 15:31:25.480075 ; 2146
2024-03-26 15:31:25.482110 ; 2142
2024-03-26 15:31:25.484170 ; 2140
2024-03-26 15:31:25.486106 ; 2133
2024-03-26 15:31:25.488127 ; 2125
2024-03-26 15:31:25.490104 ; 2126
2024-03-26 15:31:25.492280 ; 2108
2024-03-26 15:31:25.494238 ; 2102
2024-03-26 15:31:25.496202 ; 2108
2024-03-26 15:31:25.498237 ; 2090
2024-03-26 15:31:25.500167 ; 2081
2024-03-26 15:31:25.502156 ; 2072
2024-03-26 15:31:25.504154 ; 2062
2024-03-26 15:31:25.506158 ; 2053
2024-03-26 15:31:25.508163 ; 2037
2024-03-26 15:31:25.510202 ; 2025
2024-03-26 15:31:25.512171 ; 2010
2024-03-26 15:31:25.514194 ; 2008
2024-03-26 15:31:25.516212 ; 1992
2024-03-26 15:31:25.518196 ; 1981
2024-03-26 15:31:25.520216 ; 1969
2024-03-26 15:31:25.522214 ; 1954
2024-03-26 15:31:25.524233 ; 1939
2024-03-26 15:31:25.526296 ; 1926
2024-03-26 15:31:25.528254 ; 1914
2024-03-26 15:31:25.530272 ; 1900
2024-03-26 15:31:25.532275 ; 1905
2024-03-26 15:31:25.534303 ; 1884
2024-03-26 15:31:25.536318 ; 1873
2024-03-26 15:31:25.538336 ; 1861
2024-03-26 15:31:25.540313 ; 1847
2024-03-26 15:31:25.542401 ; 1829
2024-03-26 15:31:25.544495 ; 1817
2024-03-26 15:31:25.546430 ; 1801
2024-03-26 15:31:25.548402 ; 1789
2024-03-26 15:31:25.550367 ; 1779
2024-03-26 15:31:25.552377 ; 1768
2024-03-26 15:31:25.554363 ; 1755
2024-03-26 15:31:25.556365 ; 1749
2024-03-26 15:31:25.558434 ; 1728
2024-03-26 15:31:25.560398 ; 1716
2024-03-26 15:31:25.562416 ; 1703
2024-03-26 15:31:25.564392 ; 1692
2024-03-26 15:31:25.566436 ; 1689
2024-03-26 15:31:25.568438 ; 1683
2024-03-26 15:31:25.570457 ; 1682
2024-03-26 15:31:25.572420 ; 1681
2024-03-26 15:31:25.574486 ; 1680
2024-03-26 15:31:25.576482 ; 1675
2024-03-26 15:31:25.578451 ; 1675
2024-03-26 15:31:25.580494 ; 1675
2024-03-26 15:31:25.582545 ; 1677
2024-03-26 15:31:25.584538 ; 1683
2024-03-26 15:31:25.586537 ; 1687
2024-03-26 15:31:25.588538 ; 1691
2024-03-26 15:31:25.590533 ; 1692
2024-03-26 15:31:25.592628 ; 1698
2024-03-26 15:31:25.594675 ; 1703
2024-03-26 15:31:25.596657 ; 1713
2024-03-26 15:31:25.598628 ; 1723
2024-03-26 15:31:25.600590 ; 1729
2024-03-26 15:31:25.602595 ; 1739
2024-03-26 15:31:25.604604 ; 1756
2024-03-26 15:31:25.606575 ; 1769
2024-03-26 15:31:25.608569 ; 1790
2024-03-26 15:31:25.610635 ; 1807
2024-03-26 15:31:25.612604 ; 1827
2024-03-26 15:31:25.614619 ; 1849
2024-03-26 15:31:25.616661 ; 1866
2024-03-26 15:31:25.618633 ; 1883
2024-03-26 15:31:25.620622 ; 1901
2024-03-26 15:31:25.622646 ; 1912
2024-03-26 15:31:25.624690 ; 1929
2024-03-26 15:31:25.626706 ; 1944
2024-03-26 15:31:25.628728 ; 1962
2024-03-26 15:31:25.630745 ; 1974
2024-03-26 15:31:25.632728 ; 1991
2024-03-26 15:31:25.634757 ; 2001
2024-03-26 15:31:25.636747 ; 2008
2024-03-26 15:31:25.638703 ; 2024
2024-03-26 15:31:25.640728 ; 2034
2024-03-26 15:31:25.642830 ; 2044
2024-03-26 15:31:25.644806 ; 2056
2024-03-26 15:31:25.646856 ; 2067
2024-03-26 15:31:25.648841 ; 2075
2024-03-26 15:31:25.650813 ; 2088
2024-03-26 15:31:25.652787 ; 2100
2024-03-26 15:31:25.654793 ; 2105
2024-03-26 15:31:25.656809 ; 2115
2024-03-26 15:31:25.658811 ; 2117
2024-03-26 15:31:25.660810 ; 2120
2024-03-26 15:31:25.662797 ; 2125
2024-03-26 15:31:25.664832 ; 2127
2024-03-26 15:31:25.666845 ; 2132
2024-03-26 15:31:25.668813 ; 2136
2024-03-26 15:31:25.670859 ; 2135
2024-03-26 15:31:25.672844 ; 2134
2024-03-26 15:31:25.674875 ; 2129
2024-03-26 15:31:25.676915 ; 2124
2024-03-26 15:31:25.678896 ; 2117
2024-03-26 15:31:25.680929 ; 2115
2024-03-26 15:31:25.682937 ; 2111
2024-03-26 15:31:25.684915 ; 2110
2024-03-26 15:31:25.686950 ; 2110
2024-03-26 15:31:25.688996 ; 2111
2024-03-26 15:31:25.691045 ; 2108
2024-03-26 15:31:25.693116 ; 2116
2024-03-26 15:31:25.695099 ; 2114
2024-03-26 15:31:25.697068 ; 2113
2024-03-26 15:31:25.699128 ; 2116
2024-03-26 15:31:25.701088 ; 2117
2024-03-26 15:31:25.703066 ; 2115
2024-03-26 15:31:25.705075 ; 2110
2024-03-26 15:31:25.707070 ; 2107
2024-03-26 15:31:25.709050 ; 2101
2024-03-26 15:31:25.711083 ; 2100
2024-03-26 15:31:25.713063 ; 2100
2024-03-26 15:31:25.715052 ; 2087
2024-03-26 15:31:25.717068 ; 2083
2024-03-26 15:31:25.719074 ; 2081
2024-03-26 15:31:25.721048 ; 2080
2024-03-26 15:31:25.723126 ; 2075
2024-03-26 15:31:25.725135 ; 2074
2024-03-26 15:31:25.727135 ; 2072
2024-03-26 15:31:25.729122 ; 2071
2024-03-26 15:31:25.731126 ; 2075
2024-03-26 15:31:25.733150 ; 2068
2024-03-26 15:31:25.735192 ; 2067
2024-03-26 15:31:25.737176 ; 2068
2024-03-26 15:31:25.739142 ; 2064
2024-03-26 15:31:25.741334 ; 2069
2024-03-26 15:31:25.743305 ; 2067
2024-03-26 15:31:25.745282 ; 2068
2024-03-26 15:31:25.747278 ; 2070
2024-03-26 15:31:25.749252 ; 2069
2024-03-26 15:31:25.751247 ; 2079
2024-03-26 15:31:25.753257 ; 2069
2024-03-26 15:31:25.755236 ; 2070
2024-03-26 15:31:25.757240 ; 2073
2024-03-26 15:31:25.759281 ; 2075
2024-03-26 15:31:25.761261 ; 2074
2024-03-26 15:31:25.763269 ; 2073
2024-03-26 15:31:25.765267 ; 2069
2024-03-26 15:31:25.767280 ; 2071
2024-03-26 15:31:25.769308 ; 2072
2024-03-26 15:31:25.771304 ; 2074
2024-03-26 15:31:25.773271 ; 2078
2024-03-26 15:31:25.775353 ; 2076
2024-03-26 15:31:25.777339 ; 2077
2024-03-26 15:31:25.779329 ; 2075
2024-03-26 15:31:25.781357 ; 2080
2024-03-26 15:31:25.783411 ; 2077
2024-03-26 15:31:25.785384 ; 2081
2024-03-26 15:31:25.787375 ; 2081
2024-03-26 15:31:25.789382 ; 2086
2024-03-26 15:31:25.791437 ; 2083
2024-03-26 15:31:25.793554 ; 2087
2024-03-26 15:31:25.795514 ; 2082
2024-03-26 15:31:25.797542 ; 2070
2024-03-26 15:31:25.799445 ; 2063
2024-03-26 15:31:25.801483 ; 2056
2024-03-26 15:31:25.803471 ; 2052
2024-03-26 15:31:25.805434 ; 2039
2024-03-26 15:31:25.807435 ; 2030
2024-03-26 15:31:25.809489 ; 2012
2024-03-26 15:31:25.811470 ; 1994
2024-03-26 15:31:25.813466 ; 1976
2024-03-26 15:31:25.815487 ; 1972
2024-03-26 15:31:25.817497 ; 1950
2024-03-26 15:31:25.819485 ; 1949
2024-03-26 15:31:25.821488 ; 1934
2024-03-26 15:31:25.823486 ; 1931
2024-03-26 15:31:25.825518 ; 1923
2024-03-26 15:31:25.827566 ; 1917
2024-03-26 15:31:25.829555 ; 1925
2024-03-26 15:31:25.831544 ; 1930
2024-03-26 15:31:25.833594 ; 1943
2024-03-26 15:31:25.835574 ; 1942
2024-03-26 15:31:25.837587 ; 1949
2024-03-26 15:31:25.839636 ; 1959
2024-03-26 15:31:25.841673 ; 1958
2024-03-26 15:31:25.843697 ; 1970
2024-03-26 15:31:25.845693 ; 1978
2024-03-26 15:31:25.847716 ; 1983
2024-03-26 15:31:25.849619 ; 1988
2024-03-26 15:31:25.851650 ; 2001
2024-03-26 15:31:25.853634 ; 1999
2024-03-26 15:31:25.855617 ; 2011
2024-03-26 15:31:25.857639 ; 2015
2024-03-26 15:31:25.859680 ; 2024
2024-03-26 15:31:25.861663 ; 2030
2024-03-26 15:31:25.863686 ; 2038
2024-03-26 15:31:25.865688 ; 2048
2024-03-26 15:31:25.867689 ; 2058
2024-03-26 15:31:25.869724 ; 2067
2024-03-26 15:31:25.871697 ; 2073
2024-03-26 15:31:25.873742 ; 2078
2024-03-26 15:31:25.875744 ; 2087
2024-03-26 15:31:25.877782 ; 2083
2024-03-26 15:31:25.879761 ; 2095
2024-03-26 15:31:25.881831 ; 2095
2024-03-26 15:31:25.883788 ; 2097
2024-03-26 15:31:25.885761 ; 2105
2024-03-26 15:31:25.887834 ; 2113
2024-03-26 15:31:25.889883 ; 2116
2024-03-26 15:31:25.891898 ; 2122
2024-03-26 15:31:25.893942 ; 2122
2024-03-26 15:31:25.895905 ; 2122
2024-03-26 15:31:25.897904 ; 2122
2024-03-26 15:31:25.899866 ; 2117
2024-03-26 15:31:25.901863 ; 2116
2024-03-26 15:31:25.903851 ; 2115
2024-03-26 15:31:25.905840 ; 2118
2024-03-26 15:31:25.907848 ; 2120
2024-03-26 15:31:25.909873 ; 2118
2024-03-26 15:31:25.911887 ; 2116
2024-03-26 15:31:25.913894 ; 2115
2024-03-26 15:31:25.915888 ; 2114
2024-03-26 15:31:25.917902 ; 2112
2024-03-26 15:31:25.919911 ; 2121
2024-03-26 15:31:25.921892 ; 2129
2024-03-26 15:31:25.923943 ; 2129
