2024-03-28 20:04:46.696439 ; 2318
2024-03-28 20:04:46.698479 ; 2320
2024-03-28 20:04:46.700346 ; 2314
2024-03-28 20:04:46.702370 ; 2303
2024-03-28 20:04:46.704324 ; 2289
2024-03-28 20:04:46.706560 ; 2284
2024-03-28 20:04:46.708401 ; 2270
2024-03-28 20:04:46.710485 ; 2258
2024-03-28 20:04:46.712491 ; 2237
2024-03-28 20:04:46.714483 ; 2226
2024-03-28 20:04:46.716528 ; 2210
2024-03-28 20:04:46.718460 ; 2189
2024-03-28 20:04:46.720403 ; 2179
2024-03-28 20:04:46.722616 ; 2170
2024-03-28 20:04:46.724492 ; 2161
2024-03-28 20:04:46.726464 ; 2158
2024-03-28 20:04:46.728534 ; 2159
2024-03-28 20:04:46.730608 ; 2161
2024-03-28 20:04:46.732680 ; 2163
2024-03-28 20:04:46.734475 ; 2164
2024-03-28 20:04:46.736506 ; 2181
2024-03-28 20:04:46.738509 ; 2189
2024-03-28 20:04:46.740660 ; 2198
2024-03-28 20:04:46.742640 ; 2208
2024-03-28 20:04:46.744619 ; 2216
2024-03-28 20:04:46.746590 ; 2231
2024-03-28 20:04:46.748631 ; 2237
2024-03-28 20:04:46.750589 ; 2242
2024-03-28 20:04:46.752534 ; 2241
2024-03-28 20:04:46.754599 ; 2236
2024-03-28 20:04:46.756786 ; 2234
2024-03-28 20:04:46.758655 ; 2237
2024-03-28 20:04:46.760683 ; 2233
2024-03-28 20:04:46.762619 ; 2232
2024-03-28 20:04:46.764874 ; 2216
2024-03-28 20:04:46.766644 ; 2199
2024-03-28 20:04:46.768627 ; 2187
2024-03-28 20:04:46.770657 ; 2163
2024-03-28 20:04:46.772814 ; 2150
2024-03-28 20:04:46.774823 ; 2155
2024-03-28 20:04:46.776829 ; 2150
2024-03-28 20:04:46.778756 ; 2144
2024-03-28 20:04:46.780872 ; 2138
2024-03-28 20:04:46.782914 ; 2134
2024-03-28 20:04:46.784764 ; 2127
2024-03-28 20:04:46.786789 ; 2121
2024-03-28 20:04:46.788894 ; 2117
2024-03-28 20:04:46.790907 ; 2117
2024-03-28 20:04:46.792846 ; 2115
2024-03-28 20:04:46.794825 ; 2106
2024-03-28 20:04:46.797011 ; 2090
2024-03-28 20:04:46.799011 ; 2077
2024-03-28 20:04:46.800878 ; 2067
2024-03-28 20:04:46.802934 ; 2058
2024-03-28 20:04:46.805104 ; 2052
2024-03-28 20:04:46.807053 ; 2040
2024-03-28 20:04:46.808939 ; 2027
2024-03-28 20:04:46.810929 ; 2016
2024-03-28 20:04:46.812975 ; 2002
2024-03-28 20:04:46.815197 ; 1988
2024-03-28 20:04:46.816986 ; 1972
2024-03-28 20:04:46.818938 ; 1975
2024-03-28 20:04:46.820928 ; 1988
2024-03-28 20:04:46.823021 ; 1999
2024-03-28 20:04:46.824960 ; 2021
2024-03-28 20:04:46.826968 ; 2046
2024-03-28 20:04:46.829059 ; 2069
2024-03-28 20:04:46.831118 ; 2109
2024-03-28 20:04:46.833024 ; 2145
2024-03-28 20:04:46.834988 ; 2179
2024-03-28 20:04:46.836995 ; 2212
2024-03-28 20:04:46.839065 ; 2247
2024-03-28 20:04:46.841133 ; 2275
2024-03-28 20:04:46.843068 ; 2303
2024-03-28 20:04:46.845101 ; 2339
2024-03-28 20:04:46.847108 ; 2372
2024-03-28 20:04:46.849305 ; 2399
2024-03-28 20:04:46.851100 ; 2429
2024-03-28 20:04:46.853057 ; 2463
2024-03-28 20:04:46.855052 ; 2504
2024-03-28 20:04:46.857165 ; 2530
2024-03-28 20:04:46.859163 ; 2559
2024-03-28 20:04:46.861174 ; 2584
2024-03-28 20:04:46.863212 ; 2600
2024-03-28 20:04:46.865211 ; 2616
2024-03-28 20:04:46.867114 ; 2632
2024-03-28 20:04:46.869115 ; 2643
2024-03-28 20:04:46.871201 ; 2651
2024-03-28 20:04:46.873416 ; 2652
2024-03-28 20:04:46.875285 ; 2650
2024-03-28 20:04:46.877220 ; 2649
2024-03-28 20:04:46.879202 ; 2638
2024-03-28 20:04:46.881464 ; 2618
2024-03-28 20:04:46.883210 ; 2596
2024-03-28 20:04:46.885223 ; 2570
2024-03-28 20:04:46.887206 ; 2546
2024-03-28 20:04:46.889304 ; 2526
2024-03-28 20:04:46.891415 ; 2502
2024-03-28 20:04:46.893363 ; 2485
2024-03-28 20:04:46.895326 ; 2461
2024-03-28 20:04:46.897482 ; 2446
2024-03-28 20:04:46.899356 ; 2425
2024-03-28 20:04:46.901301 ; 2406
2024-03-28 20:04:46.903302 ; 2391
2024-03-28 20:04:46.905373 ; 2372
2024-03-28 20:04:46.907448 ; 2362
2024-03-28 20:04:46.909399 ; 2354
2024-03-28 20:04:46.911395 ; 2353
2024-03-28 20:04:46.913627 ; 2346
2024-03-28 20:04:46.915424 ; 2343
2024-03-28 20:04:46.917396 ; 2343
2024-03-28 20:04:46.919367 ; 2343
2024-03-28 20:04:46.921381 ; 2344
2024-03-28 20:04:46.923527 ; 2343
2024-03-28 20:04:46.925479 ; 2337
2024-03-28 20:04:46.927506 ; 2328
2024-03-28 20:04:46.929507 ; 2327
2024-03-28 20:04:46.931641 ; 2321
2024-03-28 20:04:46.933529 ; 2313
2024-03-28 20:04:46.935581 ; 2311
2024-03-28 20:04:46.937554 ; 2304
2024-03-28 20:04:46.939571 ; 2291
2024-03-28 20:04:46.941602 ; 2279
2024-03-28 20:04:46.943534 ; 2265
2024-03-28 20:04:46.945625 ; 2246
2024-03-28 20:04:46.947849 ; 2236
2024-03-28 20:04:46.949744 ; 2217
2024-03-28 20:04:46.951876 ; 2207
2024-03-28 20:04:46.953761 ; 2199
2024-03-28 20:04:46.955687 ; 2190
2024-03-28 20:04:46.957694 ; 2182
2024-03-28 20:04:46.959690 ; 2178
2024-03-28 20:04:46.961636 ; 2171
2024-03-28 20:04:46.963675 ; 2165
2024-03-28 20:04:46.965835 ; 2165
2024-03-28 20:04:46.967669 ; 2165
2024-03-28 20:04:46.969649 ; 2154
2024-03-28 20:04:46.971845 ; 2153
2024-03-28 20:04:46.973824 ; 2151
2024-03-28 20:04:46.975752 ; 2151
2024-03-28 20:04:46.977750 ; 2155
2024-03-28 20:04:46.979753 ; 2156
2024-03-28 20:04:46.981928 ; 2166
2024-03-28 20:04:46.983742 ; 2169
2024-03-28 20:04:46.985668 ; 2170
2024-03-28 20:04:46.987757 ; 2172
2024-03-28 20:04:46.989938 ; 2176
2024-03-28 20:04:46.991822 ; 2181
2024-03-28 20:04:46.993801 ; 2189
2024-03-28 20:04:46.995797 ; 2187
2024-03-28 20:04:46.997879 ; 2198
2024-03-28 20:04:46.999764 ; 2206
2024-03-28 20:04:47.001761 ; 2217
2024-03-28 20:04:47.003789 ; 2230
2024-03-28 20:04:47.005879 ; 2239
2024-03-28 20:04:47.007945 ; 2241
2024-03-28 20:04:47.009913 ; 2232
2024-03-28 20:04:47.011942 ; 2216
2024-03-28 20:04:47.013948 ; 2178
2024-03-28 20:04:47.015970 ; 2118
2024-03-28 20:04:47.017865 ; 2031
2024-03-28 20:04:47.019847 ; 1914
2024-03-28 20:04:47.021939 ; 1753
2024-03-28 20:04:47.023972 ; 1560
2024-03-28 20:04:47.025911 ; 1331
2024-03-28 20:04:47.027969 ; 1062
2024-03-28 20:04:47.030137 ; 767
2024-03-28 20:04:47.032032 ; 446
2024-03-28 20:04:47.033940 ; 136
2024-03-28 20:04:47.035959 ; 15
2024-03-28 20:04:47.038046 ; 20
2024-03-28 20:04:47.040238 ; 16
2024-03-28 20:04:47.042100 ; 13
2024-03-28 20:04:47.044091 ; 13
2024-03-28 20:04:47.046078 ; 16
2024-03-28 20:04:47.048177 ; 18
2024-03-28 20:04:47.050147 ; 220
2024-03-28 20:04:47.052083 ; 669
2024-03-28 20:04:47.054124 ; 1167
2024-03-28 20:04:47.056163 ; 1609
2024-03-28 20:04:47.058161 ; 1975
2024-03-28 20:04:47.060106 ; 2257
2024-03-28 20:04:47.062180 ; 2476
2024-03-28 20:04:47.064381 ; 2629
2024-03-28 20:04:47.066313 ; 2727
2024-03-28 20:04:47.068124 ; 2793
2024-03-28 20:04:47.070081 ; 2820
2024-03-28 20:04:47.072265 ; 2826
2024-03-28 20:04:47.074300 ; 2812
2024-03-28 20:04:47.076230 ; 2772
2024-03-28 20:04:47.078203 ; 2737
2024-03-28 20:04:47.080177 ; 2696
2024-03-28 20:04:47.082237 ; 2658
2024-03-28 20:04:47.084231 ; 2627
2024-03-28 20:04:47.086223 ; 2595
2024-03-28 20:04:47.088187 ; 2571
2024-03-28 20:04:47.090313 ; 2550
2024-03-28 20:04:47.092234 ; 2525
2024-03-28 20:04:47.094249 ; 2502
2024-03-28 20:04:47.096295 ; 2485
2024-03-28 20:04:47.098369 ; 2444
2024-03-28 20:04:47.100302 ; 2416
2024-03-28 20:04:47.102250 ; 2383
2024-03-28 20:04:47.104223 ; 2347
2024-03-28 20:04:47.106388 ; 2323
2024-03-28 20:04:47.108335 ; 2284
2024-03-28 20:04:47.110338 ; 2258
2024-03-28 20:04:47.112368 ; 2233
2024-03-28 20:04:47.114487 ; 2208
2024-03-28 20:04:47.116377 ; 2186
2024-03-28 20:04:47.118321 ; 2162
2024-03-28 20:04:47.120339 ; 2142
2024-03-28 20:04:47.122468 ; 2128
2024-03-28 20:04:47.124505 ; 2106
2024-03-28 20:04:47.126450 ; 2096
2024-03-28 20:04:47.128590 ; 2088
2024-03-28 20:04:47.130684 ; 2080
2024-03-28 20:04:47.132677 ; 2073
2024-03-28 20:04:47.134445 ; 2067
2024-03-28 20:04:47.136452 ; 2060
2024-03-28 20:04:47.138454 ; 2059
2024-03-28 20:04:47.140516 ; 2053
2024-03-28 20:04:47.142513 ; 2050
2024-03-28 20:04:47.144511 ; 2044
2024-03-28 20:04:47.146689 ; 2036
2024-03-28 20:04:47.148643 ; 2039
2024-03-28 20:04:47.150527 ; 2031
2024-03-28 20:04:47.152524 ; 2025
2024-03-28 20:04:47.154522 ; 2020
2024-03-28 20:04:47.156624 ; 2014
2024-03-28 20:04:47.158619 ; 2006
2024-03-28 20:04:47.160649 ; 2004
2024-03-28 20:04:47.162716 ; 1994
2024-03-28 20:04:47.164915 ; 1985
2024-03-28 20:04:47.166612 ; 1981
2024-03-28 20:04:47.168577 ; 1974
2024-03-28 20:04:47.170605 ; 1968
2024-03-28 20:04:47.172565 ; 1968
2024-03-28 20:04:47.174712 ; 1962
2024-03-28 20:04:47.176686 ; 1953
2024-03-28 20:04:47.178653 ; 1942
2024-03-28 20:04:47.180927 ; 1931
2024-03-28 20:04:47.182765 ; 1927
2024-03-28 20:04:47.184591 ; 1924
2024-03-28 20:04:47.186689 ; 1925
2024-03-28 20:04:47.188672 ; 1930
2024-03-28 20:04:47.190736 ; 1936
2024-03-28 20:04:47.192706 ; 1937
2024-03-28 20:04:47.194682 ; 1926
2024-03-28 20:04:47.196967 ; 1913
2024-03-28 20:04:47.198764 ; 1898
2024-03-28 20:04:47.200725 ; 1879
2024-03-28 20:04:47.202746 ; 1864
2024-03-28 20:04:47.204749 ; 1842
2024-03-28 20:04:47.206813 ; 1818
2024-03-28 20:04:47.208790 ; 1796
2024-03-28 20:04:47.210816 ; 1775
2024-03-28 20:04:47.212992 ; 1754
2024-03-28 20:04:47.214874 ; 1733
2024-03-28 20:04:47.216754 ; 1716
2024-03-28 20:04:47.218834 ; 1703
2024-03-28 20:04:47.220821 ; 1696
2024-03-28 20:04:47.222969 ; 1691
2024-03-28 20:04:47.224973 ; 1676
2024-03-28 20:04:47.226899 ; 1665
2024-03-28 20:04:47.228883 ; 1653
2024-03-28 20:04:47.231197 ; 1648
2024-03-28 20:04:47.232909 ; 1639
2024-03-28 20:04:47.234907 ; 1631
2024-03-28 20:04:47.236899 ; 1629
2024-03-28 20:04:47.238924 ; 1620
2024-03-28 20:04:47.240946 ; 1616
2024-03-28 20:04:47.243047 ; 1612
2024-03-28 20:04:47.245088 ; 1613
2024-03-28 20:04:47.247184 ; 1611
2024-03-28 20:04:47.249190 ; 1608
2024-03-28 20:04:47.251097 ; 1604
2024-03-28 20:04:47.253302 ; 1595
2024-03-28 20:04:47.255168 ; 1585
2024-03-28 20:04:47.257079 ; 1574
2024-03-28 20:04:47.259055 ; 1566
2024-03-28 20:04:47.261085 ; 1555
2024-03-28 20:04:47.263012 ; 1547
2024-03-28 20:04:47.265181 ; 1549
2024-03-28 20:04:47.267061 ; 1550
2024-03-28 20:04:47.269026 ; 1551
2024-03-28 20:04:47.271037 ; 1549
2024-03-28 20:04:47.273228 ; 1555
2024-03-28 20:04:47.275082 ; 1560
2024-03-28 20:04:47.277119 ; 1570
2024-03-28 20:04:47.279145 ; 1576
2024-03-28 20:04:47.281217 ; 1580
2024-03-28 20:04:47.283101 ; 1587
2024-03-28 20:04:47.285097 ; 1576
2024-03-28 20:04:47.287138 ; 1564
2024-03-28 20:04:47.289271 ; 1548
2024-03-28 20:04:47.291276 ; 1537
2024-03-28 20:04:47.293230 ; 1533
2024-03-28 20:04:47.295237 ; 1530
2024-03-28 20:04:47.297480 ; 1543
2024-03-28 20:04:47.299493 ; 1561
2024-03-28 20:04:47.301253 ; 1583
2024-03-28 20:04:47.303265 ; 1609
2024-03-28 20:04:47.305392 ; 1634
2024-03-28 20:04:47.307363 ; 1670
2024-03-28 20:04:47.309317 ; 1705
2024-03-28 20:04:47.311290 ; 1744
2024-03-28 20:04:47.313508 ; 1783
2024-03-28 20:04:47.315358 ; 1824
2024-03-28 20:04:47.317287 ; 1861
2024-03-28 20:04:47.319284 ; 1895
2024-03-28 20:04:47.321272 ; 1930
2024-03-28 20:04:47.323456 ; 1964
2024-03-28 20:04:47.325393 ; 2007
2024-03-28 20:04:47.327357 ; 2045
2024-03-28 20:04:47.329427 ; 2090
2024-03-28 20:04:47.331513 ; 2128
2024-03-28 20:04:47.333391 ; 2169
2024-03-28 20:04:47.335349 ; 2204
2024-03-28 20:04:47.337415 ; 2241
2024-03-28 20:04:47.339482 ; 2270
2024-03-28 20:04:47.341535 ; 2292
2024-03-28 20:04:47.343449 ; 2312
2024-03-28 20:04:47.345476 ; 2334
2024-03-28 20:04:47.347688 ; 2360
2024-03-28 20:04:47.349550 ; 2379
2024-03-28 20:04:47.351445 ; 2398
2024-03-28 20:04:47.353400 ; 2417
2024-03-28 20:04:47.355581 ; 2437
2024-03-28 20:04:47.357600 ; 2450
2024-03-28 20:04:47.359517 ; 2462
2024-03-28 20:04:47.361551 ; 2471
2024-03-28 20:04:47.363610 ; 2485
2024-03-28 20:04:47.365645 ; 2498
2024-03-28 20:04:47.367554 ; 2511
2024-03-28 20:04:47.369485 ; 2518
2024-03-28 20:04:47.371680 ; 2515
2024-03-28 20:04:47.373746 ; 2520
2024-03-28 20:04:47.375658 ; 2515
2024-03-28 20:04:47.377646 ; 2509
2024-03-28 20:04:47.379669 ; 2507
2024-03-28 20:04:47.381857 ; 2499
2024-03-28 20:04:47.383692 ; 2497
2024-03-28 20:04:47.385672 ; 2494
2024-03-28 20:04:47.387995 ; 2497
2024-03-28 20:04:47.389835 ; 2495
2024-03-28 20:04:47.391794 ; 2491
2024-03-28 20:04:47.393731 ; 2486
2024-03-28 20:04:47.395778 ; 2486
2024-03-28 20:04:47.397899 ; 2491
2024-03-28 20:04:47.399864 ; 2485
2024-03-28 20:04:47.401746 ; 2473
2024-03-28 20:04:47.403814 ; 2458
2024-03-28 20:04:47.405796 ; 2453
2024-03-28 20:04:47.407832 ; 2447
2024-03-28 20:04:47.409775 ; 2441
2024-03-28 20:04:47.411855 ; 2432
2024-03-28 20:04:47.413838 ; 2427
2024-03-28 20:04:47.415994 ; 2420
2024-03-28 20:04:47.417772 ; 2420
2024-03-28 20:04:47.419785 ; 2413
2024-03-28 20:04:47.421879 ; 2412
2024-03-28 20:04:47.423929 ; 2410
2024-03-28 20:04:47.425859 ; 2406
2024-03-28 20:04:47.427872 ; 2402
2024-03-28 20:04:47.429890 ; 2397
2024-03-28 20:04:47.431912 ; 2405
2024-03-28 20:04:47.433908 ; 2401
2024-03-28 20:04:47.435881 ; 2404
2024-03-28 20:04:47.438161 ; 2406
2024-03-28 20:04:47.440124 ; 2405
2024-03-28 20:04:47.441937 ; 2401
2024-03-28 20:04:47.443935 ; 2395
2024-03-28 20:04:47.445907 ; 2394
2024-03-28 20:04:47.448153 ; 2388
2024-03-28 20:04:47.449913 ; 2382
2024-03-28 20:04:47.451898 ; 2385
2024-03-28 20:04:47.453923 ; 2377
2024-03-28 20:04:47.456122 ; 2368
2024-03-28 20:04:47.458139 ; 2358
2024-03-28 20:04:47.460060 ; 2355
2024-03-28 20:04:47.462147 ; 2345
2024-03-28 20:04:47.464248 ; 2341
2024-03-28 20:04:47.466248 ; 2335
2024-03-28 20:04:47.468017 ; 2322
2024-03-28 20:04:47.470347 ; 2315
2024-03-28 20:04:47.472347 ; 2318
2024-03-28 20:04:47.474221 ; 2324
2024-03-28 20:04:47.476155 ; 2332
2024-03-28 20:04:47.478114 ; 2339
2024-03-28 20:04:47.480218 ; 2343
2024-03-28 20:04:47.482297 ; 2345
2024-03-28 20:04:47.484228 ; 2349
2024-03-28 20:04:47.486436 ; 2348
2024-03-28 20:04:47.488411 ; 2347
2024-03-28 20:04:47.490321 ; 2346
2024-03-28 20:04:47.492208 ; 2347
2024-03-28 20:04:47.494233 ; 2351
2024-03-28 20:04:47.496235 ; 2362
2024-03-28 20:04:47.498256 ; 2369
2024-03-28 20:04:47.500320 ; 2380
2024-03-28 20:04:47.502202 ; 2389
2024-03-28 20:04:47.504348 ; 2404
2024-03-28 20:04:47.506338 ; 2416
2024-03-28 20:04:47.508371 ; 2430
2024-03-28 20:04:47.510335 ; 2438
2024-03-28 20:04:47.512266 ; 2443
2024-03-28 20:04:47.514487 ; 2454
2024-03-28 20:04:47.516427 ; 2469
2024-03-28 20:04:47.518269 ; 2492
2024-03-28 20:04:47.520273 ; 2511
2024-03-28 20:04:47.522414 ; 2534
2024-03-28 20:04:47.524403 ; 2555
2024-03-28 20:04:47.526355 ; 2573
2024-03-28 20:04:47.528431 ; 2594
2024-03-28 20:04:47.530435 ; 2611
2024-03-28 20:04:47.532631 ; 2623
2024-03-28 20:04:47.534330 ; 2639
2024-03-28 20:04:47.536306 ; 2645
2024-03-28 20:04:47.538383 ; 2650
2024-03-28 20:04:47.540500 ; 2663
2024-03-28 20:04:47.542488 ; 2658
2024-03-28 20:04:47.544425 ; 2661
2024-03-28 20:04:47.546580 ; 2663
2024-03-28 20:04:47.548483 ; 2659
2024-03-28 20:04:47.550380 ; 2654
2024-03-28 20:04:47.552423 ; 2644
2024-03-28 20:04:47.554461 ; 2631
2024-03-28 20:04:47.556655 ; 2619
2024-03-28 20:04:47.558523 ; 2599
2024-03-28 20:04:47.560514 ; 2586
2024-03-28 20:04:47.562611 ; 2561
2024-03-28 20:04:47.564804 ; 2544
2024-03-28 20:04:47.566567 ; 2527
2024-03-28 20:04:47.568567 ; 2505
2024-03-28 20:04:47.570798 ; 2488
2024-03-28 20:04:47.572655 ; 2475
2024-03-28 20:04:47.574711 ; 2467
2024-03-28 20:04:47.576659 ; 2458
2024-03-28 20:04:47.578602 ; 2446
2024-03-28 20:04:47.580806 ; 2427
2024-03-28 20:04:47.582608 ; 2416
2024-03-28 20:04:47.584588 ; 2403
2024-03-28 20:04:47.586592 ; 2394
2024-03-28 20:04:47.588689 ; 2378
2024-03-28 20:04:47.590667 ; 2367
2024-03-28 20:04:47.592671 ; 2355
2024-03-28 20:04:47.594704 ; 2341
2024-03-28 20:04:47.596718 ; 2331
2024-03-28 20:04:47.598776 ; 2325
2024-03-28 20:04:47.600695 ; 2311
2024-03-28 20:04:47.602641 ; 2302
2024-03-28 20:04:47.604670 ; 2295
2024-03-28 20:04:47.606881 ; 2292
2024-03-28 20:04:47.608772 ; 2282
2024-03-28 20:04:47.610783 ; 2277
2024-03-28 20:04:47.612759 ; 2270
2024-03-28 20:04:47.614931 ; 2257
2024-03-28 20:04:47.616739 ; 2252
2024-03-28 20:04:47.618795 ; 2244
2024-03-28 20:04:47.620832 ; 2241
2024-03-28 20:04:47.622915 ; 2231
2024-03-28 20:04:47.624849 ; 2223
2024-03-28 20:04:47.626776 ; 2219
2024-03-28 20:04:47.628900 ; 2214
2024-03-28 20:04:47.631063 ; 2204
2024-03-28 20:04:47.632935 ; 2193
2024-03-28 20:04:47.634817 ; 2193
2024-03-28 20:04:47.636823 ; 2188
2024-03-28 20:04:47.639005 ; 2183
2024-03-28 20:04:47.640979 ; 2173
2024-03-28 20:04:47.642922 ; 2163
2024-03-28 20:04:47.644899 ; 2154
2024-03-28 20:04:47.647003 ; 2142
2024-03-28 20:04:47.649039 ; 2133
2024-03-28 20:04:47.651008 ; 2122
2024-03-28 20:04:47.652972 ; 2113
2024-03-28 20:04:47.654972 ; 2111
2024-03-28 20:04:47.657067 ; 2105
2024-03-28 20:04:47.658964 ; 2098
2024-03-28 20:04:47.661027 ; 2093
2024-03-28 20:04:47.663026 ; 2086
2024-03-28 20:04:47.665101 ; 2085
2024-03-28 20:04:47.667031 ; 2083
2024-03-28 20:04:47.669030 ; 2085
2024-03-28 20:04:47.671068 ; 2099
2024-03-28 20:04:47.673262 ; 2118
2024-03-28 20:04:47.675150 ; 2142
2024-03-28 20:04:47.677099 ; 2165
2024-03-28 20:04:47.679071 ; 2182
2024-03-28 20:04:47.681154 ; 2196
2024-03-28 20:04:47.683062 ; 2193
2024-03-28 20:04:47.685035 ; 2169
2024-03-28 20:04:47.687070 ; 2103
2024-03-28 20:04:47.689188 ; 1995
2024-03-28 20:04:47.691243 ; 1842
2024-03-28 20:04:47.693163 ; 1648
2024-03-28 20:04:47.695169 ; 1417
2024-03-28 20:04:47.697262 ; 1145
2024-03-28 20:04:47.699315 ; 819
2024-03-28 20:04:47.701156 ; 461
2024-03-28 20:04:47.703139 ; 88
2024-03-28 20:04:47.705173 ; 16
2024-03-28 20:04:47.707269 ; 15
2024-03-28 20:04:47.709172 ; 15
2024-03-28 20:04:47.711221 ; 13
2024-03-28 20:04:47.713467 ; 16
2024-03-28 20:04:47.715331 ; 18
2024-03-28 20:04:47.717196 ; 14
2024-03-28 20:04:47.719190 ; 13
2024-03-28 20:04:47.721217 ; 156
2024-03-28 20:04:47.723492 ; 617
2024-03-28 20:04:47.725319 ; 1110
2024-03-28 20:04:47.727355 ; 1555
2024-03-28 20:04:47.729360 ; 1909
2024-03-28 20:04:47.731395 ; 2187
2024-03-28 20:04:47.733339 ; 2405
2024-03-28 20:04:47.735349 ; 2554
2024-03-28 20:04:47.737305 ; 2664
2024-03-28 20:04:47.739388 ; 2724
2024-03-28 20:04:47.741458 ; 2749
2024-03-28 20:04:47.743385 ; 2751
2024-03-28 20:04:47.745447 ; 2732
2024-03-28 20:04:47.747496 ; 2698
2024-03-28 20:04:47.749586 ; 2660
2024-03-28 20:04:47.751344 ; 2616
2024-03-28 20:04:47.753447 ; 2561
2024-03-28 20:04:47.755649 ; 2516
2024-03-28 20:04:47.757529 ; 2470
2024-03-28 20:04:47.759534 ; 2433
2024-03-28 20:04:47.761473 ; 2400
2024-03-28 20:04:47.763636 ; 2369
2024-03-28 20:04:47.765511 ; 2346
2024-03-28 20:04:47.767512 ; 2314
2024-03-28 20:04:47.769514 ; 2295
2024-03-28 20:04:47.771551 ; 2272
2024-03-28 20:04:47.773569 ; 2259
2024-03-28 20:04:47.775570 ; 2238
2024-03-28 20:04:47.777649 ; 2217
2024-03-28 20:04:47.779590 ; 2202
2024-03-28 20:04:47.781700 ; 2184
2024-03-28 20:04:47.783535 ; 2166
2024-03-28 20:04:47.785552 ; 2151
2024-03-28 20:04:47.787634 ; 2141
2024-03-28 20:04:47.789702 ; 2133
2024-03-28 20:04:47.791681 ; 2125
2024-03-28 20:04:47.793653 ; 2118
2024-03-28 20:04:47.795665 ; 2112
2024-03-28 20:04:47.797796 ; 2110
2024-03-28 20:04:47.799681 ; 2103
2024-03-28 20:04:47.801637 ; 2098
2024-03-28 20:04:47.803621 ; 2097
2024-03-28 20:04:47.805738 ; 2091
2024-03-28 20:04:47.807783 ; 2078
2024-03-28 20:04:47.809707 ; 2065
2024-03-28 20:04:47.811758 ; 2048
2024-03-28 20:04:47.813928 ; 2033
2024-03-28 20:04:47.815978 ; 2016
2024-03-28 20:04:47.817834 ; 2003
2024-03-28 20:04:47.819787 ; 1996
2024-03-28 20:04:47.821922 ; 1991
2024-03-28 20:04:47.823866 ; 1989
2024-03-28 20:04:47.825790 ; 1988
2024-03-28 20:04:47.827791 ; 1979
2024-03-28 20:04:47.829861 ; 1967
2024-03-28 20:04:47.832000 ; 1960
2024-03-28 20:04:47.833829 ; 1942
2024-03-28 20:04:47.835823 ; 1925
2024-03-28 20:04:47.837856 ; 1909
2024-03-28 20:04:47.840076 ; 1894
2024-03-28 20:04:47.841882 ; 1881
2024-03-28 20:04:47.843910 ; 1863
2024-03-28 20:04:47.845907 ; 1848
2024-03-28 20:04:47.847972 ; 1833
2024-03-28 20:04:47.849863 ; 1814
2024-03-28 20:04:47.851870 ; 1803
2024-03-28 20:04:47.853888 ; 1791
2024-03-28 20:04:47.855995 ; 1785
2024-03-28 20:04:47.857965 ; 1778
2024-03-28 20:04:47.859993 ; 1768
2024-03-28 20:04:47.862014 ; 1761
2024-03-28 20:04:47.864118 ; 1753
2024-03-28 20:04:47.866125 ; 1750
2024-03-28 20:04:47.867926 ; 1741
2024-03-28 20:04:47.869978 ; 1729
2024-03-28 20:04:47.872274 ; 1718
2024-03-28 20:04:47.874245 ; 1711
2024-03-28 20:04:47.876122 ; 1697
2024-03-28 20:04:47.878097 ; 1685
2024-03-28 20:04:47.880071 ; 1662
2024-03-28 20:04:47.882163 ; 1646
2024-03-28 20:04:47.884135 ; 1633
2024-03-28 20:04:47.886108 ; 1616
2024-03-28 20:04:47.888354 ; 1598
2024-03-28 20:04:47.890310 ; 1580
2024-03-28 20:04:47.892152 ; 1548
2024-03-28 20:04:47.894167 ; 1519
2024-03-28 20:04:47.896189 ; 1499
2024-03-28 20:04:47.898234 ; 1478
2024-03-28 20:04:47.900231 ; 1461
2024-03-28 20:04:47.902155 ; 1454
2024-03-28 20:04:47.904446 ; 1439
2024-03-28 20:04:47.906283 ; 1425
2024-03-28 20:04:47.908317 ; 1410
2024-03-28 20:04:47.910227 ; 1392
2024-03-28 20:04:47.912221 ; 1376
2024-03-28 20:04:47.914442 ; 1362
2024-03-28 20:04:47.916425 ; 1354
2024-03-28 20:04:47.918257 ; 1339
2024-03-28 20:04:47.920245 ; 1325
2024-03-28 20:04:47.922288 ; 1313
2024-03-28 20:04:47.924335 ; 1299
2024-03-28 20:04:47.926333 ; 1287
2024-03-28 20:04:47.928312 ; 1275
2024-03-28 20:04:47.930398 ; 1256
2024-03-28 20:04:47.932494 ; 1252
2024-03-28 20:04:47.934380 ; 1241
2024-03-28 20:04:47.936375 ; 1238
2024-03-28 20:04:47.938587 ; 1238
2024-03-28 20:04:47.940431 ; 1243
2024-03-28 20:04:47.942392 ; 1240
2024-03-28 20:04:47.944388 ; 1242
2024-03-28 20:04:47.946434 ; 1238
2024-03-28 20:04:47.948547 ; 1235
2024-03-28 20:04:47.950359 ; 1233
2024-03-28 20:04:47.952343 ; 1239
2024-03-28 20:04:47.954371 ; 1249
2024-03-28 20:04:47.956590 ; 1259
2024-03-28 20:04:47.958512 ; 1278
2024-03-28 20:04:47.960466 ; 1294
2024-03-28 20:04:47.962514 ; 1302
2024-03-28 20:04:47.964654 ; 1321
2024-03-28 20:04:47.966582 ; 1341
2024-03-28 20:04:47.968420 ; 1368
2024-03-28 20:04:47.970424 ; 1401
2024-03-28 20:04:47.972545 ; 1451
2024-03-28 20:04:47.974532 ; 1511
2024-03-28 20:04:47.976450 ; 1581
2024-03-28 20:04:47.978569 ; 1656
2024-03-28 20:04:47.980639 ; 1735
2024-03-28 20:04:47.982739 ; 1826
2024-03-28 20:04:47.984529 ; 1911
2024-03-28 20:04:47.986517 ; 1982
2024-03-28 20:04:47.988650 ; 2055
2024-03-28 20:04:47.990661 ; 2119
2024-03-28 20:04:47.992602 ; 2181
2024-03-28 20:04:47.994638 ; 2234
2024-03-28 20:04:47.996810 ; 2289
2024-03-28 20:04:47.998696 ; 2337
2024-03-28 20:04:48.000576 ; 2378
2024-03-28 20:04:48.002605 ; 2417
2024-03-28 20:04:48.004601 ; 2449
2024-03-28 20:04:48.006811 ; 2480
2024-03-28 20:04:48.008709 ; 2507
2024-03-28 20:04:48.010669 ; 2530
2024-03-28 20:04:48.012687 ; 2550
2024-03-28 20:04:48.014931 ; 2569
2024-03-28 20:04:48.016675 ; 2583
2024-03-28 20:04:48.018633 ; 2602
2024-03-28 20:04:48.020703 ; 2612
2024-03-28 20:04:48.022752 ; 2629
2024-03-28 20:04:48.024841 ; 2631
2024-03-28 20:04:48.026781 ; 2637
2024-03-28 20:04:48.028825 ; 2631
2024-03-28 20:04:48.030882 ; 2627
2024-03-28 20:04:48.033009 ; 2613
2024-03-28 20:04:48.034752 ; 2597
2024-03-28 20:04:48.036768 ; 2589
2024-03-28 20:04:48.038940 ; 2577
2024-03-28 20:04:48.040914 ; 2563
2024-03-28 20:04:48.042859 ; 2556
2024-03-28 20:04:48.044876 ; 2553
2024-03-28 20:04:48.047051 ; 2553
2024-03-28 20:04:48.048992 ; 2551
2024-03-28 20:04:48.050956 ; 2545
2024-03-28 20:04:48.052921 ; 2544
2024-03-28 20:04:48.054913 ; 2546
2024-03-28 20:04:48.056961 ; 2545
2024-03-28 20:04:48.058920 ; 2561
2024-03-28 20:04:48.060906 ; 2581
2024-03-28 20:04:48.062956 ; 2611
2024-03-28 20:04:48.065118 ; 2642
2024-03-28 20:04:48.066946 ; 2667
2024-03-28 20:04:48.068919 ; 2696
2024-03-28 20:04:48.070898 ; 2724
2024-03-28 20:04:48.073076 ; 2750
2024-03-28 20:04:48.075063 ; 2765
2024-03-28 20:04:48.077035 ; 2783
2024-03-28 20:04:48.079022 ; 2784
2024-03-28 20:04:48.081135 ; 2788
2024-03-28 20:04:48.083059 ; 2782
2024-03-28 20:04:48.085013 ; 2772
2024-03-28 20:04:48.087073 ; 2751
2024-03-28 20:04:48.089139 ; 2722
2024-03-28 20:04:48.091165 ; 2695
2024-03-28 20:04:48.093149 ; 2670
2024-03-28 20:04:48.095140 ; 2648
2024-03-28 20:04:48.097192 ; 2623
2024-03-28 20:04:48.099295 ; 2598
2024-03-28 20:04:48.101077 ; 2576
2024-03-28 20:04:48.103039 ; 2555
2024-03-28 20:04:48.105179 ; 2531
2024-03-28 20:04:48.107173 ; 2516
2024-03-28 20:04:48.109207 ; 2496
2024-03-28 20:04:48.111195 ; 2480
2024-03-28 20:04:48.113136 ; 2468
2024-03-28 20:04:48.115344 ; 2457
2024-03-28 20:04:48.117139 ; 2453
2024-03-28 20:04:48.119115 ; 2446
2024-03-28 20:04:48.121209 ; 2444
2024-03-28 20:04:48.123428 ; 2444
2024-03-28 20:04:48.125263 ; 2445
2024-03-28 20:04:48.127221 ; 2448
2024-03-28 20:04:48.129252 ; 2458
2024-03-28 20:04:48.131458 ; 2463
2024-03-28 20:04:48.133232 ; 2475
2024-03-28 20:04:48.135222 ; 2494
2024-03-28 20:04:48.137291 ; 2509
2024-03-28 20:04:48.139407 ; 2519
2024-03-28 20:04:48.141394 ; 2527
2024-03-28 20:04:48.143324 ; 2540
2024-03-28 20:04:48.145410 ; 2549
2024-03-28 20:04:48.147381 ; 2554
2024-03-28 20:04:48.149502 ; 2560
2024-03-28 20:04:48.151363 ; 2557
2024-03-28 20:04:48.153298 ; 2564
2024-03-28 20:04:48.155362 ; 2569
2024-03-28 20:04:48.157464 ; 2584
2024-03-28 20:04:48.159408 ; 2593
2024-03-28 20:04:48.161433 ; 2613
2024-03-28 20:04:48.163640 ; 2622
2024-03-28 20:04:48.165485 ; 2630
2024-03-28 20:04:48.167476 ; 2644
2024-03-28 20:04:48.169430 ; 2645
2024-03-28 20:04:48.171443 ; 2645
2024-03-28 20:04:48.173642 ; 2649
2024-03-28 20:04:48.175481 ; 2647
2024-03-28 20:04:48.177510 ; 2648
2024-03-28 20:04:48.179485 ; 2649
2024-03-28 20:04:48.181639 ; 2649
2024-03-28 20:04:48.183556 ; 2644
2024-03-28 20:04:48.185552 ; 2640
2024-03-28 20:04:48.187625 ; 2644
2024-03-28 20:04:48.189661 ; 2639
2024-03-28 20:04:48.191625 ; 2632
2024-03-28 20:04:48.193593 ; 2621
2024-03-28 20:04:48.195610 ; 2609
2024-03-28 20:04:48.197815 ; 2590
2024-03-28 20:04:48.199662 ; 2570
2024-03-28 20:04:48.201630 ; 2555
2024-03-28 20:04:48.203634 ; 2538
2024-03-28 20:04:48.205766 ; 2516
2024-03-28 20:04:48.207695 ; 2503
2024-03-28 20:04:48.209618 ; 2489
2024-03-28 20:04:48.211648 ; 2477
2024-03-28 20:04:48.213710 ; 2481
2024-03-28 20:04:48.215698 ; 2468
2024-03-28 20:04:48.217650 ; 2468
2024-03-28 20:04:48.219608 ; 2462
2024-03-28 20:04:48.221729 ; 2454
2024-03-28 20:04:48.223790 ; 2434
2024-03-28 20:04:48.225783 ; 2404
2024-03-28 20:04:48.227740 ; 2369
2024-03-28 20:04:48.229747 ; 2336
2024-03-28 20:04:48.231872 ; 2301
2024-03-28 20:04:48.233815 ; 2265
2024-03-28 20:04:48.235840 ; 2238
2024-03-28 20:04:48.237797 ; 2218
2024-03-28 20:04:48.239956 ; 2183
2024-03-28 20:04:48.241823 ; 2178
2024-03-28 20:04:48.243810 ; 2157
2024-03-28 20:04:48.245786 ; 2131
2024-03-28 20:04:48.247850 ; 2117
2024-03-28 20:04:48.249795 ; 2095
2024-03-28 20:04:48.251781 ; 2078
2024-03-28 20:04:48.253770 ; 2066
2024-03-28 20:04:48.255864 ; 2057
2024-03-28 20:04:48.257959 ; 2045
2024-03-28 20:04:48.259895 ; 2035
2024-03-28 20:04:48.261884 ; 2021
2024-03-28 20:04:48.263968 ; 2013
2024-03-28 20:04:48.266092 ; 2009
2024-03-28 20:04:48.267891 ; 2002
2024-03-28 20:04:48.269925 ; 1995
2024-03-28 20:04:48.271975 ; 1998
2024-03-28 20:04:48.274016 ; 1996
2024-03-28 20:04:48.275927 ; 1996
2024-03-28 20:04:48.278023 ; 2003
2024-03-28 20:04:48.279984 ; 2005
2024-03-28 20:04:48.282153 ; 2015
2024-03-28 20:04:48.283987 ; 2021
2024-03-28 20:04:48.285968 ; 2026
2024-03-28 20:04:48.288294 ; 2025
2024-03-28 20:04:48.290309 ; 2026
2024-03-28 20:04:48.292144 ; 2024
2024-03-28 20:04:48.294125 ; 2023
2024-03-28 20:04:48.296169 ; 2018
2024-03-28 20:04:48.298166 ; 2020
2024-03-28 20:04:48.300327 ; 2013
2024-03-28 20:04:48.302086 ; 2005
2024-03-28 20:04:48.304007 ; 1993
2024-03-28 20:04:48.306090 ; 1986
2024-03-28 20:04:48.308124 ; 1979
2024-03-28 20:04:48.310159 ; 1970
2024-03-28 20:04:48.312199 ; 1963
2024-03-28 20:04:48.314387 ; 1952
2024-03-28 20:04:48.316318 ; 1938
2024-03-28 20:04:48.318116 ; 1926
2024-03-28 20:04:48.320222 ; 1911
2024-03-28 20:04:48.322353 ; 1893
2024-03-28 20:04:48.324268 ; 1874
2024-03-28 20:04:48.326191 ; 1854
2024-03-28 20:04:48.328228 ; 1834
2024-03-28 20:04:48.330285 ; 1816
2024-03-28 20:04:48.332480 ; 1805
2024-03-28 20:04:48.334243 ; 1800
2024-03-28 20:04:48.336348 ; 1801
2024-03-28 20:04:48.338359 ; 1808
2024-03-28 20:04:48.340458 ; 1822
2024-03-28 20:04:48.342374 ; 1843
2024-03-28 20:04:48.344316 ; 1866
2024-03-28 20:04:48.346360 ; 1890
2024-03-28 20:04:48.348419 ; 1916
2024-03-28 20:04:48.350346 ; 1930
2024-03-28 20:04:48.352289 ; 1942
2024-03-28 20:04:48.354298 ; 1944
2024-03-28 20:04:48.356474 ; 1940
2024-03-28 20:04:48.358335 ; 1921
2024-03-28 20:04:48.360360 ; 1888
2024-03-28 20:04:48.362437 ; 1823
2024-03-28 20:04:48.364470 ; 1733
2024-03-28 20:04:48.366428 ; 1601
2024-03-28 20:04:48.368358 ; 1433
2024-03-28 20:04:48.370368 ; 1237
2024-03-28 20:04:48.372405 ; 1004
2024-03-28 20:04:48.374436 ; 721
2024-03-28 20:04:48.376398 ; 412
2024-03-28 20:04:48.378452 ; 111
2024-03-28 20:04:48.380484 ; 15
2024-03-28 20:04:48.382663 ; 17
2024-03-28 20:04:48.384474 ; 15
2024-03-28 20:04:48.386481 ; 15
2024-03-28 20:04:48.388480 ; 12
2024-03-28 20:04:48.390580 ; 15
2024-03-28 20:04:48.392564 ; 17
2024-03-28 20:04:48.394495 ; 17
2024-03-28 20:04:48.396632 ; 228
2024-03-28 20:04:48.398628 ; 669
2024-03-28 20:04:48.400560 ; 1123
2024-03-28 20:04:48.402523 ; 1517
2024-03-28 20:04:48.404503 ; 1841
2024-03-28 20:04:48.406844 ; 2082
2024-03-28 20:04:48.408624 ; 2261
2024-03-28 20:04:48.410628 ; 2381
2024-03-28 20:04:48.412599 ; 2454
2024-03-28 20:04:48.414805 ; 2492
2024-03-28 20:04:48.416611 ; 2496
2024-03-28 20:04:48.418635 ; 2485
2024-03-28 20:04:48.420572 ; 2450
2024-03-28 20:04:48.422760 ; 2411
2024-03-28 20:04:48.424708 ; 2365
2024-03-28 20:04:48.426683 ; 2320
2024-03-28 20:04:48.428797 ; 2276
2024-03-28 20:04:48.430773 ; 2238
2024-03-28 20:04:48.432883 ; 2204
2024-03-28 20:04:48.434638 ; 2169
2024-03-28 20:04:48.436690 ; 2145
2024-03-28 20:04:48.438674 ; 2116
2024-03-28 20:04:48.440790 ; 2098
2024-03-28 20:04:48.442819 ; 2077
2024-03-28 20:04:48.444790 ; 2061
2024-03-28 20:04:48.446944 ; 2048
2024-03-28 20:04:48.448791 ; 2039
2024-03-28 20:04:48.450811 ; 2036
2024-03-28 20:04:48.452758 ; 2036
2024-03-28 20:04:48.454778 ; 2034
2024-03-28 20:04:48.456922 ; 2036
2024-03-28 20:04:48.458873 ; 2035
2024-03-28 20:04:48.460861 ; 2035
2024-03-28 20:04:48.462830 ; 2042
2024-03-28 20:04:48.465139 ; 2040
2024-03-28 20:04:48.466860 ; 2040
2024-03-28 20:04:48.468904 ; 2042
2024-03-28 20:04:48.470940 ; 2039
2024-03-28 20:04:48.472998 ; 2034
2024-03-28 20:04:48.475013 ; 2037
2024-03-28 20:04:48.476931 ; 2034
2024-03-28 20:04:48.478915 ; 2032
2024-03-28 20:04:48.481044 ; 2022
2024-03-28 20:04:48.482918 ; 2014
2024-03-28 20:04:48.484927 ; 2007
2024-03-28 20:04:48.486901 ; 2000
2024-03-28 20:04:48.489058 ; 1998
2024-03-28 20:04:48.491088 ; 1989
2024-03-28 20:04:48.493068 ; 1986
2024-03-28 20:04:48.495030 ; 1980
2024-03-28 20:04:48.497093 ; 1969
2024-03-28 20:04:48.499187 ; 1956
2024-03-28 20:04:48.501054 ; 1946
2024-03-28 20:04:48.503090 ; 1940
2024-03-28 20:04:48.505158 ; 1938
2024-03-28 20:04:48.507195 ; 1931
2024-03-28 20:04:48.509112 ; 1930
2024-03-28 20:04:48.511104 ; 1922
2024-03-28 20:04:48.513193 ; 1925
2024-03-28 20:04:48.515122 ; 1917
2024-03-28 20:04:48.517077 ; 1907
2024-03-28 20:04:48.519077 ; 1900
2024-03-28 20:04:48.521163 ; 1896
2024-03-28 20:04:48.523348 ; 1896
2024-03-28 20:04:48.525181 ; 1893
2024-03-28 20:04:48.527181 ; 1895
2024-03-28 20:04:48.529177 ; 1894
2024-03-28 20:04:48.531200 ; 1896
2024-03-28 20:04:48.533191 ; 1902
2024-03-28 20:04:48.535166 ; 1915
2024-03-28 20:04:48.537185 ; 1922
2024-03-28 20:04:48.539256 ; 1933
2024-03-28 20:04:48.541329 ; 1941
2024-03-28 20:04:48.543206 ; 1949
2024-03-28 20:04:48.545303 ; 1958
2024-03-28 20:04:48.547413 ; 1966
2024-03-28 20:04:48.549511 ; 1967
2024-03-28 20:04:48.551257 ; 1972
2024-03-28 20:04:48.553214 ; 1975
2024-03-28 20:04:48.555288 ; 1963
2024-03-28 20:04:48.557367 ; 1953
2024-03-28 20:04:48.559319 ; 1943
2024-03-28 20:04:48.561387 ; 1932
2024-03-28 20:04:48.563540 ; 1921
2024-03-28 20:04:48.565472 ; 1913
2024-03-28 20:04:48.567374 ; 1911
2024-03-28 20:04:48.569346 ; 1912
2024-03-28 20:04:48.571394 ; 1909
2024-03-28 20:04:48.573503 ; 1908
2024-03-28 20:04:48.575403 ; 1898
2024-03-28 20:04:48.577437 ; 1888
2024-03-28 20:04:48.579385 ; 1873
2024-03-28 20:04:48.581582 ; 1856
2024-03-28 20:04:48.583386 ; 1837
2024-03-28 20:04:48.585388 ; 1825
2024-03-28 20:04:48.587372 ; 1809
2024-03-28 20:04:48.589461 ; 1802
2024-03-28 20:04:48.591524 ; 1801
2024-03-28 20:04:48.593505 ; 1788
2024-03-28 20:04:48.595562 ; 1788
2024-03-28 20:04:48.597633 ; 1790
2024-03-28 20:04:48.599649 ; 1784
2024-03-28 20:04:48.601534 ; 1789
2024-03-28 20:04:48.603552 ; 1785
2024-03-28 20:04:48.605688 ; 1776
2024-03-28 20:04:48.607608 ; 1771
2024-03-28 20:04:48.609602 ; 1758
2024-03-28 20:04:48.611596 ; 1754
2024-03-28 20:04:48.613700 ; 1749
2024-03-28 20:04:48.615794 ; 1745
2024-03-28 20:04:48.617626 ; 1747
2024-03-28 20:04:48.619601 ; 1753
2024-03-28 20:04:48.621629 ; 1752
2024-03-28 20:04:48.623733 ; 1752
2024-03-28 20:04:48.625643 ; 1760
2024-03-28 20:04:48.627633 ; 1765
2024-03-28 20:04:48.629884 ; 1777
2024-03-28 20:04:48.631787 ; 1794
2024-03-28 20:04:48.633634 ; 1808
2024-03-28 20:04:48.635645 ; 1828
2024-03-28 20:04:48.637691 ; 1848
2024-03-28 20:04:48.639802 ; 1857
2024-03-28 20:04:48.641781 ; 1873
2024-03-28 20:04:48.643700 ; 1880
2024-03-28 20:04:48.645771 ; 1884
2024-03-28 20:04:48.647882 ; 1891
2024-03-28 20:04:48.649824 ; 1900
2024-03-28 20:04:48.651727 ; 1912
2024-03-28 20:04:48.653945 ; 1932
2024-03-28 20:04:48.655824 ; 1955
2024-03-28 20:04:48.657856 ; 1986
2024-03-28 20:04:48.659825 ; 2027
2024-03-28 20:04:48.661847 ; 2069
2024-03-28 20:04:48.663900 ; 2108
2024-03-28 20:04:48.666123 ; 2148
2024-03-28 20:04:48.667821 ; 2181
2024-03-28 20:04:48.669818 ; 2215
2024-03-28 20:04:48.671904 ; 2244
2024-03-28 20:04:48.673955 ; 2275
2024-03-28 20:04:48.675880 ; 2303
2024-03-28 20:04:48.677910 ; 2325
2024-03-28 20:04:48.679873 ; 2354
2024-03-28 20:04:48.682003 ; 2373
2024-03-28 20:04:48.683912 ; 2398
2024-03-28 20:04:48.685888 ; 2413
2024-03-28 20:04:48.687854 ; 2424
2024-03-28 20:04:48.690118 ; 2430
2024-03-28 20:04:48.691935 ; 2448
2024-03-28 20:04:48.693990 ; 2453
2024-03-28 20:04:48.695985 ; 2460
2024-03-28 20:04:48.698075 ; 2471
2024-03-28 20:04:48.699929 ; 2479
2024-03-28 20:04:48.701951 ; 2480
2024-03-28 20:04:48.703934 ; 2489
2024-03-28 20:04:48.706064 ; 2493
2024-03-28 20:04:48.708161 ; 2500
2024-03-28 20:04:48.710031 ; 2503
2024-03-28 20:04:48.712035 ; 2503
2024-03-28 20:04:48.714294 ; 2502
2024-03-28 20:04:48.716274 ; 2493
2024-03-28 20:04:48.718139 ; 2496
2024-03-28 20:04:48.720391 ; 2469
2024-03-28 20:04:48.722418 ; 2458
2024-03-28 20:04:48.724257 ; 2439
2024-03-28 20:04:48.726140 ; 2426
2024-03-28 20:04:48.728136 ; 2414
2024-03-28 20:04:48.730114 ; 2409
2024-03-28 20:04:48.732214 ; 2399
2024-03-28 20:04:48.734138 ; 2392
2024-03-28 20:04:48.736071 ; 2391
2024-03-28 20:04:48.738181 ; 2390
2024-03-28 20:04:48.740266 ; 2387
2024-03-28 20:04:48.742200 ; 2386
2024-03-28 20:04:48.744167 ; 2383
2024-03-28 20:04:48.746169 ; 2378
2024-03-28 20:04:48.748410 ; 2374
2024-03-28 20:04:48.750196 ; 2369
2024-03-28 20:04:48.752183 ; 2366
2024-03-28 20:04:48.754234 ; 2361
2024-03-28 20:04:48.756284 ; 2352
2024-03-28 20:04:48.758379 ; 2346
2024-03-28 20:04:48.760330 ; 2344
2024-03-28 20:04:48.762353 ; 2326
2024-03-28 20:04:48.764353 ; 2314
2024-03-28 20:04:48.766518 ; 2305
2024-03-28 20:04:48.768262 ; 2299
2024-03-28 20:04:48.770637 ; 2301
2024-03-28 20:04:48.772467 ; 2301
2024-03-28 20:04:48.774408 ; 2300
2024-03-28 20:04:48.776409 ; 2304
2024-03-28 20:04:48.778446 ; 2308
2024-03-28 20:04:48.780525 ; 2320
2024-03-28 20:04:48.782612 ; 2322
2024-03-28 20:04:48.784389 ; 2324
2024-03-28 20:04:48.786438 ; 2332
2024-03-28 20:04:48.788519 ; 2338
2024-03-28 20:04:48.790514 ; 2346
2024-03-28 20:04:48.792437 ; 2359
2024-03-28 20:04:48.794450 ; 2368
2024-03-28 20:04:48.796519 ; 2390
2024-03-28 20:04:48.798469 ; 2406
2024-03-28 20:04:48.800414 ; 2424
2024-03-28 20:04:48.802446 ; 2443
2024-03-28 20:04:48.804407 ; 2464
2024-03-28 20:04:48.806738 ; 2477
2024-03-28 20:04:48.808521 ; 2488
2024-03-28 20:04:48.810542 ; 2496
2024-03-28 20:04:48.812547 ; 2504
2024-03-28 20:04:48.814621 ; 2504
2024-03-28 20:04:48.816642 ; 2506
2024-03-28 20:04:48.818589 ; 2499
2024-03-28 20:04:48.820610 ; 2495
2024-03-28 20:04:48.822622 ; 2492
2024-03-28 20:04:48.824668 ; 2490
2024-03-28 20:04:48.826619 ; 2484
2024-03-28 20:04:48.828648 ; 2479
2024-03-28 20:04:48.830694 ; 2475
2024-03-28 20:04:48.832835 ; 2462
2024-03-28 20:04:48.834593 ; 2451
2024-03-28 20:04:48.836545 ; 2426
2024-03-28 20:04:48.838634 ; 2405
2024-03-28 20:04:48.840738 ; 2382
2024-03-28 20:04:48.842702 ; 2361
2024-03-28 20:04:48.844728 ; 2340
2024-03-28 20:04:48.846882 ; 2324
2024-03-28 20:04:48.848783 ; 2308
2024-03-28 20:04:48.850700 ; 2289
2024-03-28 20:04:48.852624 ; 2284
2024-03-28 20:04:48.854662 ; 2283
2024-03-28 20:04:48.856908 ; 2292
2024-03-28 20:04:48.858772 ; 2300
2024-03-28 20:04:48.860788 ; 2304
2024-03-28 20:04:48.862768 ; 2300
2024-03-28 20:04:48.864952 ; 2283
2024-03-28 20:04:48.866814 ; 2269
2024-03-28 20:04:48.868745 ; 2253
2024-03-28 20:04:48.870756 ; 2233
2024-03-28 20:04:48.872802 ; 2224
2024-03-28 20:04:48.874916 ; 2212
2024-03-28 20:04:48.876872 ; 2209
2024-03-28 20:04:48.878906 ; 2201
2024-03-28 20:04:48.880950 ; 2200
2024-03-28 20:04:48.883043 ; 2190
2024-03-28 20:04:48.884847 ; 2180
2024-03-28 20:04:48.886817 ; 2172
2024-03-28 20:04:48.889022 ; 2165
2024-03-28 20:04:48.890997 ; 2158
2024-03-28 20:04:48.892889 ; 2147
2024-03-28 20:04:48.894942 ; 2133
2024-03-28 20:04:48.897040 ; 2128
2024-03-28 20:04:48.899086 ; 2124
2024-03-28 20:04:48.900904 ; 2120
2024-03-28 20:04:48.902954 ; 2119
2024-03-28 20:04:48.905158 ; 2121
2024-03-28 20:04:48.907093 ; 2119
2024-03-28 20:04:48.909032 ; 2117
2024-03-28 20:04:48.911022 ; 2115
2024-03-28 20:04:48.913078 ; 2107
2024-03-28 20:04:48.915269 ; 2097
2024-03-28 20:04:48.917132 ; 2072
2024-03-28 20:04:48.919117 ; 2055
2024-03-28 20:04:48.921169 ; 2043
2024-03-28 20:04:48.923195 ; 2034
2024-03-28 20:04:48.925180 ; 2025
2024-03-28 20:04:48.927138 ; 2014
2024-03-28 20:04:48.929189 ; 2006
2024-03-28 20:04:48.931285 ; 1992
2024-03-28 20:04:48.933121 ; 1982
2024-03-28 20:04:48.935070 ; 1969
2024-03-28 20:04:48.937064 ; 1960
2024-03-28 20:04:48.939120 ; 1949
2024-03-28 20:04:48.941241 ; 1937
2024-03-28 20:04:48.943197 ; 1927
2024-03-28 20:04:48.945186 ; 1917
2024-03-28 20:04:48.947317 ; 1913
2024-03-28 20:04:48.949467 ; 1914
2024-03-28 20:04:48.951274 ; 1911
2024-03-28 20:04:48.953205 ; 1913
2024-03-28 20:04:48.955416 ; 1916
2024-03-28 20:04:48.957348 ; 1923
2024-03-28 20:04:48.959232 ; 1933
2024-03-28 20:04:48.961264 ; 1938
2024-03-28 20:04:48.963257 ; 1947
2024-03-28 20:04:48.965241 ; 1958
2024-03-28 20:04:48.967330 ; 1966
2024-03-28 20:04:48.969237 ; 1984
2024-03-28 20:04:48.971242 ; 1993
2024-03-28 20:04:48.973430 ; 2001
2024-03-28 20:04:48.975330 ; 2011
2024-03-28 20:04:48.977368 ; 2023
2024-03-28 20:04:48.979342 ; 2044
2024-03-28 20:04:48.981350 ; 2059
2024-03-28 20:04:48.983364 ; 2072
2024-03-28 20:04:48.985334 ; 2077
2024-03-28 20:04:48.987328 ; 2096
2024-03-28 20:04:48.989402 ; 2085
2024-03-28 20:04:48.991467 ; 2083
2024-03-28 20:04:48.993507 ; 2079
2024-03-28 20:04:48.995506 ; 2072
2024-03-28 20:04:48.997612 ; 2062
2024-03-28 20:04:48.999546 ; 2046
2024-03-28 20:04:49.001369 ; 2038
2024-03-28 20:04:49.003426 ; 2029
2024-03-28 20:04:49.005433 ; 2020
2024-03-28 20:04:49.007535 ; 2011
2024-03-28 20:04:49.009483 ; 2000
2024-03-28 20:04:49.011528 ; 1996
2024-03-28 20:04:49.013608 ; 1992
2024-03-28 20:04:49.015715 ; 1994
2024-03-28 20:04:49.017563 ; 1990
2024-03-28 20:04:49.019615 ; 1984
2024-03-28 20:04:49.021542 ; 1970
2024-03-28 20:04:49.023602 ; 1960
2024-03-28 20:04:49.025597 ; 1945
2024-03-28 20:04:49.027556 ; 1938
2024-03-28 20:04:49.029551 ; 1920
2024-03-28 20:04:49.031703 ; 1910
2024-03-28 20:04:49.033582 ; 1903
2024-03-28 20:04:49.035589 ; 1896
2024-03-28 20:04:49.037638 ; 1900
2024-03-28 20:04:49.039759 ; 1906
2024-03-28 20:04:49.041713 ; 1914
2024-03-28 20:04:49.043668 ; 1912
2024-03-28 20:04:49.045665 ; 1906
2024-03-28 20:04:49.047746 ; 1899
2024-03-28 20:04:49.049662 ; 1871
2024-03-28 20:04:49.051670 ; 1818
2024-03-28 20:04:49.053707 ; 1735
2024-03-28 20:04:49.055771 ; 1620
2024-03-28 20:04:49.057827 ; 1455
2024-03-28 20:04:49.059738 ; 1263
2024-03-28 20:04:49.061766 ; 1039
