2024-03-28 20:07:43.383492 ; 1932
2024-03-28 20:07:43.385676 ; 1979
2024-03-28 20:07:43.387581 ; 2013
2024-03-28 20:07:43.389426 ; 2038
2024-03-28 20:07:43.391562 ; 2056
2024-03-28 20:07:43.393583 ; 2064
2024-03-28 20:07:43.395567 ; 2079
2024-03-28 20:07:43.397560 ; 2088
2024-03-28 20:07:43.399537 ; 2099
2024-03-28 20:07:43.401627 ; 2118
2024-03-28 20:07:43.403740 ; 2155
2024-03-28 20:07:43.405560 ; 2189
2024-03-28 20:07:43.407508 ; 2223
2024-03-28 20:07:43.409553 ; 2247
2024-03-28 20:07:43.411655 ; 2272
2024-03-28 20:07:43.413694 ; 2307
2024-03-28 20:07:43.415654 ; 2354
2024-03-28 20:07:43.417694 ; 2419
2024-03-28 20:07:43.419739 ; 2470
2024-03-28 20:07:43.421893 ; 2512
2024-03-28 20:07:43.423616 ; 2542
2024-03-28 20:07:43.425757 ; 2555
2024-03-28 20:07:43.427659 ; 2564
2024-03-28 20:07:43.429777 ; 2567
2024-03-28 20:07:43.431739 ; 2557
2024-03-28 20:07:43.433737 ; 2530
2024-03-28 20:07:43.435794 ; 2497
2024-03-28 20:07:43.437841 ; 2463
2024-03-28 20:07:43.439693 ; 2438
2024-03-28 20:07:43.441830 ; 2418
2024-03-28 20:07:43.443836 ; 2410
2024-03-28 20:07:43.445895 ; 2404
2024-03-28 20:07:43.447819 ; 2392
2024-03-28 20:07:43.449821 ; 2376
2024-03-28 20:07:43.451842 ; 2362
2024-03-28 20:07:43.453950 ; 2338
2024-03-28 20:07:43.455823 ; 2311
2024-03-28 20:07:43.457795 ; 2281
2024-03-28 20:07:43.459752 ; 2254
2024-03-28 20:07:43.461958 ; 2230
2024-03-28 20:07:43.463813 ; 2222
2024-03-28 20:07:43.465876 ; 2220
2024-03-28 20:07:43.467843 ; 2221
2024-03-28 20:07:43.469943 ; 2224
2024-03-28 20:07:43.471820 ; 2222
2024-03-28 20:07:43.473876 ; 2227
2024-03-28 20:07:43.475826 ; 2237
2024-03-28 20:07:43.477969 ; 2229
2024-03-28 20:07:43.479946 ; 2207
2024-03-28 20:07:43.481878 ; 2183
2024-03-28 20:07:43.484027 ; 2159
2024-03-28 20:07:43.486003 ; 2146
2024-03-28 20:07:43.488174 ; 2132
2024-03-28 20:07:43.489935 ; 2107
2024-03-28 20:07:43.491933 ; 2107
2024-03-28 20:07:43.493974 ; 2118
2024-03-28 20:07:43.496014 ; 2130
2024-03-28 20:07:43.497917 ; 2134
2024-03-28 20:07:43.500052 ; 2136
2024-03-28 20:07:43.502203 ; 2120
2024-03-28 20:07:43.504041 ; 2121
2024-03-28 20:07:43.506022 ; 2130
2024-03-28 20:07:43.507978 ; 2136
2024-03-28 20:07:43.510042 ; 2148
2024-03-28 20:07:43.512290 ; 2156
2024-03-28 20:07:43.514103 ; 2158
2024-03-28 20:07:43.516124 ; 2155
2024-03-28 20:07:43.518074 ; 2160
2024-03-28 20:07:43.520330 ; 2164
2024-03-28 20:07:43.522075 ; 2183
2024-03-28 20:07:43.524039 ; 2204
2024-03-28 20:07:43.526113 ; 2215
2024-03-28 20:07:43.528192 ; 2218
2024-03-28 20:07:43.530197 ; 2225
2024-03-28 20:07:43.532191 ; 2235
2024-03-28 20:07:43.534204 ; 2252
2024-03-28 20:07:43.536255 ; 2261
2024-03-28 20:07:43.538396 ; 2262
2024-03-28 20:07:43.540186 ; 2267
2024-03-28 20:07:43.542171 ; 2264
2024-03-28 20:07:43.544299 ; 2261
2024-03-28 20:07:43.546302 ; 2253
2024-03-28 20:07:43.548348 ; 2255
2024-03-28 20:07:43.550294 ; 2260
2024-03-28 20:07:43.552448 ; 2281
2024-03-28 20:07:43.554467 ; 2288
2024-03-28 20:07:43.556352 ; 2295
2024-03-28 20:07:43.558397 ; 2294
2024-03-28 20:07:43.560467 ; 2281
2024-03-28 20:07:43.562441 ; 2281
2024-03-28 20:07:43.564350 ; 2286
2024-03-28 20:07:43.566338 ; 2301
2024-03-28 20:07:43.568377 ; 2322
2024-03-28 20:07:43.570482 ; 2345
2024-03-28 20:07:43.572368 ; 2357
2024-03-28 20:07:43.574455 ; 2357
2024-03-28 20:07:43.576387 ; 2351
2024-03-28 20:07:43.578438 ; 2338
2024-03-28 20:07:43.580448 ; 2326
2024-03-28 20:07:43.582429 ; 2319
2024-03-28 20:07:43.584453 ; 2319
2024-03-28 20:07:43.586521 ; 2307
2024-03-28 20:07:43.588482 ; 2280
2024-03-28 20:07:43.590456 ; 2244
2024-03-28 20:07:43.592508 ; 2202
2024-03-28 20:07:43.594513 ; 2170
2024-03-28 20:07:43.596554 ; 2148
2024-03-28 20:07:43.598527 ; 2130
2024-03-28 20:07:43.600513 ; 2103
2024-03-28 20:07:43.602558 ; 2075
2024-03-28 20:07:43.604640 ; 2043
2024-03-28 20:07:43.606512 ; 2003
2024-03-28 20:07:43.608455 ; 1960
2024-03-28 20:07:43.610709 ; 1916
2024-03-28 20:07:43.612636 ; 1872
2024-03-28 20:07:43.614525 ; 1831
2024-03-28 20:07:43.616628 ; 1794
2024-03-28 20:07:43.618729 ; 1759
2024-03-28 20:07:43.620577 ; 1729
2024-03-28 20:07:43.622550 ; 1700
2024-03-28 20:07:43.624533 ; 1681
2024-03-28 20:07:43.626536 ; 1674
2024-03-28 20:07:43.628802 ; 1671
2024-03-28 20:07:43.630649 ; 1662
2024-03-28 20:07:43.632647 ; 1654
2024-03-28 20:07:43.634727 ; 1637
2024-03-28 20:07:43.636839 ; 1621
2024-03-28 20:07:43.638715 ; 1627
2024-03-28 20:07:43.640693 ; 1617
2024-03-28 20:07:43.642959 ; 1638
2024-03-28 20:07:43.644806 ; 1668
2024-03-28 20:07:43.646824 ; 1706
2024-03-28 20:07:43.648794 ; 1734
2024-03-28 20:07:43.650751 ; 1761
2024-03-28 20:07:43.652955 ; 1766
2024-03-28 20:07:43.654801 ; 1768
2024-03-28 20:07:43.656700 ; 1778
2024-03-28 20:07:43.658725 ; 1783
2024-03-28 20:07:43.660745 ; 1793
2024-03-28 20:07:43.662819 ; 1789
2024-03-28 20:07:43.664717 ; 1777
2024-03-28 20:07:43.666811 ; 1770
2024-03-28 20:07:43.668971 ; 1762
2024-03-28 20:07:43.670857 ; 1746
2024-03-28 20:07:43.672796 ; 1739
2024-03-28 20:07:43.674746 ; 1749
2024-03-28 20:07:43.676767 ; 1766
2024-03-28 20:07:43.678968 ; 1784
2024-03-28 20:07:43.680879 ; 1809
2024-03-28 20:07:43.682913 ; 1830
2024-03-28 20:07:43.684859 ; 1837
2024-03-28 20:07:43.686987 ; 1829
2024-03-28 20:07:43.688865 ; 1803
2024-03-28 20:07:43.690859 ; 1780
2024-03-28 20:07:43.693230 ; 1780
2024-03-28 20:07:43.695004 ; 1804
2024-03-28 20:07:43.697019 ; 1826
2024-03-28 20:07:43.698960 ; 1842
2024-03-28 20:07:43.700986 ; 1840
2024-03-28 20:07:43.703241 ; 1817
2024-03-28 20:07:43.705173 ; 1795
2024-03-28 20:07:43.707015 ; 1773
2024-03-28 20:07:43.709040 ; 1774
2024-03-28 20:07:43.711088 ; 1776
2024-03-28 20:07:43.713105 ; 1753
2024-03-28 20:07:43.715053 ; 1704
2024-03-28 20:07:43.717043 ; 1629
2024-03-28 20:07:43.719225 ; 1508
2024-03-28 20:07:43.721060 ; 1338
2024-03-28 20:07:43.723063 ; 1117
2024-03-28 20:07:43.725025 ; 859
2024-03-28 20:07:43.727034 ; 574
2024-03-28 20:07:43.729137 ; 263
2024-03-28 20:07:43.731058 ; 17
2024-03-28 20:07:43.733142 ; 16
2024-03-28 20:07:43.735136 ; 16
2024-03-28 20:07:43.737279 ; 16
2024-03-28 20:07:43.739091 ; 14
2024-03-28 20:07:43.741074 ; 17
2024-03-28 20:07:43.743081 ; 15
2024-03-28 20:07:43.745370 ; 17
2024-03-28 20:07:43.747244 ; 13
2024-03-28 20:07:43.749205 ; 132
2024-03-28 20:07:43.751190 ; 588
2024-03-28 20:07:43.753308 ; 1077
2024-03-28 20:07:43.755263 ; 1509
2024-03-28 20:07:43.757259 ; 1865
2024-03-28 20:07:43.759236 ; 2119
2024-03-28 20:07:43.761325 ; 2308
2024-03-28 20:07:43.763348 ; 2449
2024-03-28 20:07:43.765277 ; 2544
2024-03-28 20:07:43.767340 ; 2625
2024-03-28 20:07:43.769451 ; 2679
2024-03-28 20:07:43.771401 ; 2707
2024-03-28 20:07:43.773210 ; 2710
2024-03-28 20:07:43.775357 ; 2677
2024-03-28 20:07:43.777317 ; 2609
2024-03-28 20:07:43.779489 ; 2529
2024-03-28 20:07:43.781378 ; 2468
2024-03-28 20:07:43.783414 ; 2412
2024-03-28 20:07:43.785356 ; 2375
2024-03-28 20:07:43.787568 ; 2357
2024-03-28 20:07:43.789445 ; 2342
2024-03-28 20:07:43.791422 ; 2324
2024-03-28 20:07:43.793409 ; 2297
2024-03-28 20:07:43.795580 ; 2278
2024-03-28 20:07:43.797472 ; 2269
2024-03-28 20:07:43.799440 ; 2258
2024-03-28 20:07:43.801409 ; 2255
2024-03-28 20:07:43.803479 ; 2238
2024-03-28 20:07:43.805427 ; 2223
2024-03-28 20:07:43.807396 ; 2206
2024-03-28 20:07:43.809412 ; 2166
2024-03-28 20:07:43.811521 ; 2125
2024-03-28 20:07:43.813565 ; 2080
2024-03-28 20:07:43.815492 ; 2053
2024-03-28 20:07:43.817580 ; 2036
2024-03-28 20:07:43.819669 ; 2040
2024-03-28 20:07:43.821696 ; 2049
2024-03-28 20:07:43.823488 ; 2043
2024-03-28 20:07:43.825494 ; 2026
2024-03-28 20:07:43.827644 ; 2008
2024-03-28 20:07:43.829600 ; 2003
2024-03-28 20:07:43.831578 ; 2003
2024-03-28 20:07:43.833625 ; 2017
2024-03-28 20:07:43.835797 ; 2043
2024-03-28 20:07:43.837675 ; 2057
2024-03-28 20:07:43.839640 ; 2046
2024-03-28 20:07:43.841639 ; 2030
2024-03-28 20:07:43.843662 ; 2016
2024-03-28 20:07:43.845754 ; 2016
2024-03-28 20:07:43.847619 ; 2023
2024-03-28 20:07:43.849617 ; 2039
2024-03-28 20:07:43.851735 ; 2053
2024-03-28 20:07:43.853733 ; 2057
2024-03-28 20:07:43.855612 ; 2047
2024-03-28 20:07:43.857589 ; 2042
2024-03-28 20:07:43.859668 ; 2027
2024-03-28 20:07:43.861948 ; 2011
2024-03-28 20:07:43.863752 ; 1980
2024-03-28 20:07:43.865719 ; 1923
2024-03-28 20:07:43.867766 ; 1876
2024-03-28 20:07:43.869923 ; 1835
2024-03-28 20:07:43.871803 ; 1815
2024-03-28 20:07:43.873780 ; 1795
2024-03-28 20:07:43.875824 ; 1774
2024-03-28 20:07:43.877786 ; 1771
2024-03-28 20:07:43.879867 ; 1769
2024-03-28 20:07:43.881865 ; 1773
2024-03-28 20:07:43.883871 ; 1755
2024-03-28 20:07:43.885898 ; 1728
2024-03-28 20:07:43.888021 ; 1700
2024-03-28 20:07:43.889859 ; 1668
2024-03-28 20:07:43.891814 ; 1657
2024-03-28 20:07:43.893886 ; 1657
2024-03-28 20:07:43.895969 ; 1659
2024-03-28 20:07:43.897912 ; 1671
2024-03-28 20:07:43.899858 ; 1671
2024-03-28 20:07:43.902082 ; 1665
2024-03-28 20:07:43.903929 ; 1655
2024-03-28 20:07:43.905934 ; 1637
2024-03-28 20:07:43.907869 ; 1621
2024-03-28 20:07:43.909890 ; 1596
2024-03-28 20:07:43.912160 ; 1581
2024-03-28 20:07:43.914006 ; 1554
2024-03-28 20:07:43.915987 ; 1527
2024-03-28 20:07:43.917951 ; 1517
2024-03-28 20:07:43.920099 ; 1510
2024-03-28 20:07:43.921947 ; 1514
2024-03-28 20:07:43.923951 ; 1521
2024-03-28 20:07:43.926010 ; 1540
2024-03-28 20:07:43.928167 ; 1547
2024-03-28 20:07:43.930121 ; 1545
2024-03-28 20:07:43.932052 ; 1519
2024-03-28 20:07:43.934082 ; 1485
2024-03-28 20:07:43.936164 ; 1451
2024-03-28 20:07:43.938282 ; 1442
2024-03-28 20:07:43.940065 ; 1471
2024-03-28 20:07:43.942010 ; 1530
2024-03-28 20:07:43.944079 ; 1599
2024-03-28 20:07:43.946181 ; 1646
2024-03-28 20:07:43.948136 ; 1682
2024-03-28 20:07:43.950137 ; 1696
2024-03-28 20:07:43.952386 ; 1705
2024-03-28 20:07:43.954241 ; 1707
2024-03-28 20:07:43.956158 ; 1699
2024-03-28 20:07:43.958172 ; 1707
2024-03-28 20:07:43.960467 ; 1735
2024-03-28 20:07:43.962265 ; 1789
2024-03-28 20:07:43.964192 ; 1856
2024-03-28 20:07:43.966211 ; 1916
2024-03-28 20:07:43.968237 ; 1967
2024-03-28 20:07:43.970426 ; 2017
2024-03-28 20:07:43.972270 ; 2059
2024-03-28 20:07:43.974165 ; 2099
2024-03-28 20:07:43.976181 ; 2147
2024-03-28 20:07:43.978354 ; 2181
2024-03-28 20:07:43.980360 ; 2199
2024-03-28 20:07:43.982282 ; 2197
2024-03-28 20:07:43.984346 ; 2205
2024-03-28 20:07:43.986552 ; 2212
2024-03-28 20:07:43.988452 ; 2229
2024-03-28 20:07:43.990309 ; 2264
2024-03-28 20:07:43.992312 ; 2329
2024-03-28 20:07:43.994384 ; 2409
2024-03-28 20:07:43.996447 ; 2480
2024-03-28 20:07:43.998342 ; 2530
2024-03-28 20:07:44.000373 ; 2553
2024-03-28 20:07:44.002468 ; 2565
2024-03-28 20:07:44.004566 ; 2588
2024-03-28 20:07:44.006379 ; 2604
2024-03-28 20:07:44.008379 ; 2615
2024-03-28 20:07:44.010526 ; 2594
2024-03-28 20:07:44.012533 ; 2571
2024-03-28 20:07:44.014462 ; 2562
2024-03-28 20:07:44.016430 ; 2561
2024-03-28 20:07:44.018498 ; 2576
2024-03-28 20:07:44.020597 ; 2603
2024-03-28 20:07:44.022458 ; 2631
2024-03-28 20:07:44.024508 ; 2653
2024-03-28 20:07:44.026517 ; 2658
2024-03-28 20:07:44.028717 ; 2638
2024-03-28 20:07:44.030576 ; 2598
2024-03-28 20:07:44.032536 ; 2560
2024-03-28 20:07:44.034559 ; 2540
2024-03-28 20:07:44.036647 ; 2545
2024-03-28 20:07:44.038575 ; 2549
2024-03-28 20:07:44.040584 ; 2548
2024-03-28 20:07:44.042567 ; 2540
2024-03-28 20:07:44.044697 ; 2513
2024-03-28 20:07:44.046635 ; 2507
2024-03-28 20:07:44.048586 ; 2531
2024-03-28 20:07:44.050624 ; 2567
2024-03-28 20:07:44.052799 ; 2621
2024-03-28 20:07:44.054761 ; 2672
2024-03-28 20:07:44.056565 ; 2696
2024-03-28 20:07:44.058551 ; 2700
2024-03-28 20:07:44.060722 ; 2670
2024-03-28 20:07:44.062784 ; 2628
2024-03-28 20:07:44.064761 ; 2568
2024-03-28 20:07:44.066742 ; 2510
2024-03-28 20:07:44.068685 ; 2442
2024-03-28 20:07:44.070903 ; 2373
2024-03-28 20:07:44.072769 ; 2322
2024-03-28 20:07:44.074816 ; 2282
2024-03-28 20:07:44.077066 ; 2262
2024-03-28 20:07:44.078884 ; 2261
2024-03-28 20:07:44.080790 ; 2245
2024-03-28 20:07:44.082785 ; 2230
2024-03-28 20:07:44.084711 ; 2232
2024-03-28 20:07:44.086935 ; 2257
2024-03-28 20:07:44.088769 ; 2292
2024-03-28 20:07:44.090760 ; 2309
2024-03-28 20:07:44.092730 ; 2293
2024-03-28 20:07:44.094886 ; 2225
2024-03-28 20:07:44.096919 ; 2142
2024-03-28 20:07:44.098858 ; 2066
2024-03-28 20:07:44.100933 ; 2082
2024-03-28 20:07:44.103064 ; 2129
2024-03-28 20:07:44.105050 ; 2193
2024-03-28 20:07:44.107020 ; 2226
2024-03-28 20:07:44.109134 ; 2246
2024-03-28 20:07:44.111109 ; 2237
2024-03-28 20:07:44.112994 ; 2217
2024-03-28 20:07:44.114983 ; 2194
2024-03-28 20:07:44.116945 ; 2149
2024-03-28 20:07:44.119114 ; 2100
2024-03-28 20:07:44.121080 ; 2056
2024-03-28 20:07:44.122989 ; 2030
2024-03-28 20:07:44.124964 ; 2002
2024-03-28 20:07:44.127016 ; 1991
2024-03-28 20:07:44.129125 ; 1995
2024-03-28 20:07:44.131009 ; 2002
2024-03-28 20:07:44.133000 ; 2003
2024-03-28 20:07:44.135088 ; 2012
2024-03-28 20:07:44.137234 ; 2047
2024-03-28 20:07:44.139119 ; 2089
2024-03-28 20:07:44.141091 ; 2124
2024-03-28 20:07:44.143183 ; 2106
2024-03-28 20:07:44.145124 ; 2077
2024-03-28 20:07:44.147162 ; 2040
2024-03-28 20:07:44.149120 ; 1994
2024-03-28 20:07:44.151171 ; 1999
2024-03-28 20:07:44.153269 ; 2016
2024-03-28 20:07:44.155181 ; 2037
2024-03-28 20:07:44.157121 ; 2050
2024-03-28 20:07:44.159476 ; 2056
2024-03-28 20:07:44.161235 ; 2035
2024-03-28 20:07:44.163250 ; 1999
2024-03-28 20:07:44.165222 ; 1968
2024-03-28 20:07:44.167201 ; 1949
2024-03-28 20:07:44.169256 ; 1961
2024-03-28 20:07:44.171351 ; 2007
2024-03-28 20:07:44.173193 ; 2019
2024-03-28 20:07:44.175137 ; 2012
2024-03-28 20:07:44.177171 ; 1987
2024-03-28 20:07:44.179331 ; 1937
2024-03-28 20:07:44.181267 ; 1893
2024-03-28 20:07:44.183280 ; 1861
2024-03-28 20:07:44.185416 ; 1849
2024-03-28 20:07:44.187323 ; 1874
2024-03-28 20:07:44.189225 ; 1922
2024-03-28 20:07:44.191222 ; 1975
2024-03-28 20:07:44.193281 ; 2016
2024-03-28 20:07:44.195475 ; 2037
2024-03-28 20:07:44.197360 ; 2055
2024-03-28 20:07:44.199370 ; 2099
2024-03-28 20:07:44.201496 ; 2147
2024-03-28 20:07:44.203596 ; 2191
2024-03-28 20:07:44.205405 ; 2238
2024-03-28 20:07:44.207359 ; 2286
2024-03-28 20:07:44.209412 ; 2351
2024-03-28 20:07:44.211426 ; 2419
2024-03-28 20:07:44.213458 ; 2467
2024-03-28 20:07:44.215450 ; 2464
2024-03-28 20:07:44.217463 ; 2424
2024-03-28 20:07:44.219460 ; 2349
2024-03-28 20:07:44.221611 ; 2308
2024-03-28 20:07:44.223480 ; 2302
2024-03-28 20:07:44.225579 ; 2319
2024-03-28 20:07:44.227696 ; 2337
2024-03-28 20:07:44.229554 ; 2333
2024-03-28 20:07:44.231541 ; 2334
2024-03-28 20:07:44.233483 ; 2312
2024-03-28 20:07:44.235685 ; 2315
2024-03-28 20:07:44.237698 ; 2327
2024-03-28 20:07:44.239562 ; 2326
2024-03-28 20:07:44.241532 ; 2304
2024-03-28 20:07:44.243578 ; 2277
2024-03-28 20:07:44.245662 ; 2261
2024-03-28 20:07:44.247613 ; 2264
2024-03-28 20:07:44.249582 ; 2292
2024-03-28 20:07:44.251573 ; 2313
2024-03-28 20:07:44.253703 ; 2302
2024-03-28 20:07:44.255559 ; 2288
2024-03-28 20:07:44.257612 ; 2262
2024-03-28 20:07:44.259652 ; 2222
2024-03-28 20:07:44.261696 ; 2184
2024-03-28 20:07:44.263720 ; 2170
2024-03-28 20:07:44.265678 ; 2172
2024-03-28 20:07:44.267752 ; 2212
2024-03-28 20:07:44.269969 ; 2261
2024-03-28 20:07:44.271834 ; 2280
2024-03-28 20:07:44.273690 ; 2320
2024-03-28 20:07:44.275758 ; 2349
2024-03-28 20:07:44.277775 ; 2362
2024-03-28 20:07:44.279799 ; 2343
2024-03-28 20:07:44.281774 ; 2282
2024-03-28 20:07:44.283765 ; 2189
2024-03-28 20:07:44.285896 ; 2054
2024-03-28 20:07:44.287828 ; 1887
2024-03-28 20:07:44.289778 ; 1692
2024-03-28 20:07:44.291869 ; 1455
2024-03-28 20:07:44.293746 ; 1182
2024-03-28 20:07:44.295900 ; 856
2024-03-28 20:07:44.297857 ; 484
2024-03-28 20:07:44.299874 ; 117
2024-03-28 20:07:44.301821 ; 17
2024-03-28 20:07:44.303923 ; 12
2024-03-28 20:07:44.305834 ; 14
2024-03-28 20:07:44.307815 ; 19
2024-03-28 20:07:44.310001 ; 12
2024-03-28 20:07:44.312083 ; 204
2024-03-28 20:07:44.313962 ; 636
2024-03-28 20:07:44.315956 ; 1177
2024-03-28 20:07:44.317966 ; 1709
2024-03-28 20:07:44.320144 ; 2147
2024-03-28 20:07:44.322144 ; 2481
2024-03-28 20:07:44.323938 ; 2707
2024-03-28 20:07:44.325861 ; 2869
2024-03-28 20:07:44.328054 ; 2986
2024-03-28 20:07:44.330055 ; 3082
2024-03-28 20:07:44.331996 ; 3143
2024-03-28 20:07:44.334062 ; 3176
2024-03-28 20:07:44.336048 ; 3196
2024-03-28 20:07:44.338142 ; 3176
2024-03-28 20:07:44.339974 ; 3135
2024-03-28 20:07:44.341968 ; 3087
2024-03-28 20:07:44.343976 ; 2993
2024-03-28 20:07:44.346068 ; 2900
2024-03-28 20:07:44.347981 ; 2815
2024-03-28 20:07:44.350050 ; 2737
2024-03-28 20:07:44.352265 ; 2673
2024-03-28 20:07:44.354137 ; 2608
2024-03-28 20:07:44.356059 ; 2530
2024-03-28 20:07:44.358014 ; 2449
2024-03-28 20:07:44.360406 ; 2379
2024-03-28 20:07:44.362352 ; 2342
2024-03-28 20:07:44.364198 ; 2331
2024-03-28 20:07:44.366174 ; 2333
2024-03-28 20:07:44.368214 ; 2343
2024-03-28 20:07:44.370390 ; 2386
2024-03-28 20:07:44.372217 ; 2419
2024-03-28 20:07:44.374250 ; 2441
2024-03-28 20:07:44.376289 ; 2458
2024-03-28 20:07:44.378187 ; 2462
2024-03-28 20:07:44.380301 ; 2455
2024-03-28 20:07:44.382270 ; 2433
2024-03-28 20:07:44.384266 ; 2411
2024-03-28 20:07:44.386411 ; 2398
2024-03-28 20:07:44.388405 ; 2388
2024-03-28 20:07:44.390238 ; 2396
2024-03-28 20:07:44.392360 ; 2411
2024-03-28 20:07:44.394480 ; 2432
2024-03-28 20:07:44.396452 ; 2444
2024-03-28 20:07:44.398304 ; 2443
2024-03-28 20:07:44.400370 ; 2426
2024-03-28 20:07:44.402450 ; 2402
2024-03-28 20:07:44.404464 ; 2387
2024-03-28 20:07:44.406467 ; 2393
2024-03-28 20:07:44.408429 ; 2404
2024-03-28 20:07:44.410535 ; 2420
2024-03-28 20:07:44.412489 ; 2410
2024-03-28 20:07:44.414378 ; 2407
2024-03-28 20:07:44.416443 ; 2389
2024-03-28 20:07:44.418466 ; 2377
2024-03-28 20:07:44.420559 ; 2365
2024-03-28 20:07:44.422410 ; 2348
2024-03-28 20:07:44.424412 ; 2325
2024-03-28 20:07:44.426483 ; 2281
2024-03-28 20:07:44.428557 ; 2237
2024-03-28 20:07:44.430506 ; 2205
2024-03-28 20:07:44.432522 ; 2195
2024-03-28 20:07:44.434468 ; 2218
2024-03-28 20:07:44.436617 ; 2253
2024-03-28 20:07:44.438512 ; 2264
2024-03-28 20:07:44.440462 ; 2240
2024-03-28 20:07:44.442740 ; 2189
2024-03-28 20:07:44.444570 ; 2115
2024-03-28 20:07:44.446611 ; 2024
2024-03-28 20:07:44.448598 ; 1962
2024-03-28 20:07:44.450650 ; 1920
2024-03-28 20:07:44.452667 ; 1886
2024-03-28 20:07:44.454769 ; 1850
2024-03-28 20:07:44.456513 ; 1807
2024-03-28 20:07:44.458551 ; 1769
2024-03-28 20:07:44.460577 ; 1725
2024-03-28 20:07:44.462652 ; 1677
2024-03-28 20:07:44.464561 ; 1627
2024-03-28 20:07:44.466612 ; 1577
2024-03-28 20:07:44.468849 ; 1525
2024-03-28 20:07:44.470758 ; 1480
2024-03-28 20:07:44.472613 ; 1458
2024-03-28 20:07:44.474635 ; 1419
2024-03-28 20:07:44.476630 ; 1395
2024-03-28 20:07:44.478896 ; 1369
2024-03-28 20:07:44.480732 ; 1335
2024-03-28 20:07:44.482731 ; 1286
2024-03-28 20:07:44.484711 ; 1249
2024-03-28 20:07:44.486884 ; 1244
2024-03-28 20:07:44.488733 ; 1277
2024-03-28 20:07:44.490695 ; 1331
2024-03-28 20:07:44.492724 ; 1386
2024-03-28 20:07:44.494863 ; 1418
2024-03-28 20:07:44.496849 ; 1415
2024-03-28 20:07:44.498825 ; 1399
2024-03-28 20:07:44.500862 ; 1366
2024-03-28 20:07:44.503018 ; 1342
2024-03-28 20:07:44.504913 ; 1330
2024-03-28 20:07:44.506776 ; 1332
2024-03-28 20:07:44.508769 ; 1341
2024-03-28 20:07:44.511117 ; 1363
2024-03-28 20:07:44.512985 ; 1382
2024-03-28 20:07:44.514923 ; 1398
2024-03-28 20:07:44.516875 ; 1397
2024-03-28 20:07:44.518898 ; 1405
2024-03-28 20:07:44.521056 ; 1427
2024-03-28 20:07:44.522988 ; 1453
2024-03-28 20:07:44.524964 ; 1495
2024-03-28 20:07:44.527063 ; 1546
2024-03-28 20:07:44.529050 ; 1584
2024-03-28 20:07:44.531016 ; 1612
2024-03-28 20:07:44.532981 ; 1653
2024-03-28 20:07:44.535012 ; 1688
2024-03-28 20:07:44.537089 ; 1722
2024-03-28 20:07:44.538992 ; 1748
2024-03-28 20:07:44.541024 ; 1789
2024-03-28 20:07:44.542991 ; 1843
2024-03-28 20:07:44.545180 ; 1906
2024-03-28 20:07:44.547108 ; 1975
2024-03-28 20:07:44.549052 ; 2044
2024-03-28 20:07:44.551075 ; 2100
2024-03-28 20:07:44.553252 ; 2158
2024-03-28 20:07:44.555203 ; 2194
2024-03-28 20:07:44.557021 ; 2218
2024-03-28 20:07:44.559238 ; 2246
2024-03-28 20:07:44.561204 ; 2292
2024-03-28 20:07:44.563273 ; 2332
2024-03-28 20:07:44.565152 ; 2352
2024-03-28 20:07:44.567184 ; 2356
2024-03-28 20:07:44.569273 ; 2347
2024-03-28 20:07:44.571352 ; 2323
2024-03-28 20:07:44.573161 ; 2313
2024-03-28 20:07:44.575070 ; 2333
2024-03-28 20:07:44.577180 ; 2371
2024-03-28 20:07:44.579262 ; 2400
2024-03-28 20:07:44.581210 ; 2442
2024-03-28 20:07:44.583176 ; 2487
2024-03-28 20:07:44.585371 ; 2528
2024-03-28 20:07:44.587307 ; 2578
2024-03-28 20:07:44.589228 ; 2628
2024-03-28 20:07:44.591168 ; 2674
2024-03-28 20:07:44.593185 ; 2722
2024-03-28 20:07:44.595453 ; 2770
2024-03-28 20:07:44.597312 ; 2817
2024-03-28 20:07:44.599303 ; 2860
2024-03-28 20:07:44.601320 ; 2887
2024-03-28 20:07:44.603400 ; 2880
2024-03-28 20:07:44.605251 ; 2873
2024-03-28 20:07:44.607262 ; 2849
2024-03-28 20:07:44.609375 ; 2819
2024-03-28 20:07:44.611483 ; 2788
2024-03-28 20:07:44.613484 ; 2762
2024-03-28 20:07:44.615362 ; 2726
2024-03-28 20:07:44.617430 ; 2700
2024-03-28 20:07:44.619451 ; 2680
2024-03-28 20:07:44.621592 ; 2663
2024-03-28 20:07:44.623371 ; 2644
2024-03-28 20:07:44.625342 ; 2630
2024-03-28 20:07:44.627571 ; 2609
2024-03-28 20:07:44.629521 ; 2571
2024-03-28 20:07:44.631457 ; 2548
2024-03-28 20:07:44.633435 ; 2533
2024-03-28 20:07:44.635654 ; 2521
2024-03-28 20:07:44.637481 ; 2522
2024-03-28 20:07:44.639486 ; 2536
2024-03-28 20:07:44.641456 ; 2564
2024-03-28 20:07:44.643407 ; 2572
2024-03-28 20:07:44.645629 ; 2572
2024-03-28 20:07:44.647529 ; 2557
2024-03-28 20:07:44.649525 ; 2535
2024-03-28 20:07:44.651571 ; 2511
2024-03-28 20:07:44.653653 ; 2509
2024-03-28 20:07:44.655563 ; 2529
2024-03-28 20:07:44.657574 ; 2571
2024-03-28 20:07:44.659789 ; 2639
2024-03-28 20:07:44.661670 ; 2712
2024-03-28 20:07:44.663724 ; 2762
2024-03-28 20:07:44.665663 ; 2776
2024-03-28 20:07:44.667618 ; 2789
2024-03-28 20:07:44.669837 ; 2823
2024-03-28 20:07:44.671751 ; 2880
2024-03-28 20:07:44.673637 ; 2964
2024-03-28 20:07:44.675705 ; 3054
2024-03-28 20:07:44.677688 ; 3148
2024-03-28 20:07:44.679742 ; 3221
2024-03-28 20:07:44.681721 ; 3291
2024-03-28 20:07:44.683717 ; 3348
2024-03-28 20:07:44.685925 ; 3379
2024-03-28 20:07:44.687787 ; 3393
2024-03-28 20:07:44.689837 ; 3411
2024-03-28 20:07:44.691956 ; 3419
2024-03-28 20:07:44.693820 ; 3423
2024-03-28 20:07:44.695827 ; 3411
2024-03-28 20:07:44.697800 ; 3382
2024-03-28 20:07:44.699797 ; 3337
2024-03-28 20:07:44.701783 ; 3283
2024-03-28 20:07:44.703831 ; 3218
2024-03-28 20:07:44.705781 ; 3149
2024-03-28 20:07:44.707761 ; 3085
2024-03-28 20:07:44.709748 ; 3024
2024-03-28 20:07:44.711905 ; 2971
2024-03-28 20:07:44.713911 ; 2922
2024-03-28 20:07:44.715870 ; 2878
2024-03-28 20:07:44.717902 ; 2822
2024-03-28 20:07:44.720048 ; 2767
2024-03-28 20:07:44.721865 ; 2725
2024-03-28 20:07:44.723847 ; 2659
2024-03-28 20:07:44.725827 ; 2581
2024-03-28 20:07:44.727918 ; 2516
2024-03-28 20:07:44.729939 ; 2459
2024-03-28 20:07:44.731904 ; 2415
2024-03-28 20:07:44.733951 ; 2381
2024-03-28 20:07:44.735998 ; 2344
2024-03-28 20:07:44.738091 ; 2333
2024-03-28 20:07:44.739911 ; 2303
2024-03-28 20:07:44.741876 ; 2294
2024-03-28 20:07:44.744062 ; 2289
2024-03-28 20:07:44.746071 ; 2275
2024-03-28 20:07:44.748049 ; 2261
2024-03-28 20:07:44.750057 ; 2236
2024-03-28 20:07:44.751965 ; 2210
2024-03-28 20:07:44.754086 ; 2189
2024-03-28 20:07:44.755995 ; 2181
2024-03-28 20:07:44.758001 ; 2177
2024-03-28 20:07:44.760015 ; 2175
2024-03-28 20:07:44.762189 ; 2164
2024-03-28 20:07:44.764111 ; 2143
2024-03-28 20:07:44.766069 ; 2126
2024-03-28 20:07:44.768073 ; 2111
2024-03-28 20:07:44.770317 ; 2096
2024-03-28 20:07:44.772120 ; 2096
2024-03-28 20:07:44.774139 ; 2090
2024-03-28 20:07:44.776146 ; 2093
2024-03-28 20:07:44.778165 ; 2092
2024-03-28 20:07:44.780253 ; 2095
2024-03-28 20:07:44.782177 ; 2083
2024-03-28 20:07:44.784244 ; 2078
2024-03-28 20:07:44.786253 ; 2061
2024-03-28 20:07:44.788316 ; 2054
2024-03-28 20:07:44.790163 ; 2050
2024-03-28 20:07:44.792139 ; 2049
2024-03-28 20:07:44.794198 ; 2038
2024-03-28 20:07:44.796246 ; 2031
2024-03-28 20:07:44.798168 ; 2027
2024-03-28 20:07:44.800254 ; 2030
2024-03-28 20:07:44.802451 ; 2037
2024-03-28 20:07:44.804263 ; 2042
2024-03-28 20:07:44.806274 ; 2034
2024-03-28 20:07:44.808231 ; 2039
2024-03-28 20:07:44.810427 ; 2049
2024-03-28 20:07:44.812446 ; 2055
2024-03-28 20:07:44.814343 ; 2070
2024-03-28 20:07:44.816433 ; 2086
2024-03-28 20:07:44.818417 ; 2096
2024-03-28 20:07:44.820431 ; 2101
2024-03-28 20:07:44.822510 ; 2107
2024-03-28 20:07:44.824422 ; 2095
2024-03-28 20:07:44.826404 ; 2041
2024-03-28 20:07:44.828530 ; 1952
2024-03-28 20:07:44.830505 ; 1813
2024-03-28 20:07:44.832418 ; 1618
2024-03-28 20:07:44.834476 ; 1400
2024-03-28 20:07:44.836638 ; 1150
2024-03-28 20:07:44.838550 ; 865
2024-03-28 20:07:44.840357 ; 554
2024-03-28 20:07:44.842391 ; 241
2024-03-28 20:07:44.844517 ; 18
2024-03-28 20:07:44.846557 ; 17
2024-03-28 20:07:44.848512 ; 16
2024-03-28 20:07:44.850549 ; 15
2024-03-28 20:07:44.852574 ; 16
2024-03-28 20:07:44.854774 ; 18
2024-03-28 20:07:44.856490 ; 14
2024-03-28 20:07:44.858452 ; 16
2024-03-28 20:07:44.860580 ; 198
2024-03-28 20:07:44.862726 ; 675
2024-03-28 20:07:44.864608 ; 1184
2024-03-28 20:07:44.866580 ; 1623
2024-03-28 20:07:44.868626 ; 1988
2024-03-28 20:07:44.870900 ; 2263
2024-03-28 20:07:44.872712 ; 2473
2024-03-28 20:07:44.874706 ; 2619
2024-03-28 20:07:44.876702 ; 2705
2024-03-28 20:07:44.878825 ; 2750
2024-03-28 20:07:44.880675 ; 2748
2024-03-28 20:07:44.882685 ; 2726
2024-03-28 20:07:44.884665 ; 2689
2024-03-28 20:07:44.886720 ; 2639
2024-03-28 20:07:44.888656 ; 2584
2024-03-28 20:07:44.890629 ; 2529
2024-03-28 20:07:44.892660 ; 2481
2024-03-28 20:07:44.894782 ; 2444
2024-03-28 20:07:44.896811 ; 2404
2024-03-28 20:07:44.898758 ; 2373
2024-03-28 20:07:44.900775 ; 2344
2024-03-28 20:07:44.902828 ; 2317
2024-03-28 20:07:44.904964 ; 2299
2024-03-28 20:07:44.906690 ; 2285
2024-03-28 20:07:44.908765 ; 2274
2024-03-28 20:07:44.910700 ; 2256
2024-03-28 20:07:44.912838 ; 2245
2024-03-28 20:07:44.914828 ; 2230
2024-03-28 20:07:44.916787 ; 2214
2024-03-28 20:07:44.919001 ; 2202
2024-03-28 20:07:44.920859 ; 2201
2024-03-28 20:07:44.922805 ; 2199
2024-03-28 20:07:44.924793 ; 2178
2024-03-28 20:07:44.926908 ; 2152
2024-03-28 20:07:44.928978 ; 2129
2024-03-28 20:07:44.930916 ; 2112
2024-03-28 20:07:44.932881 ; 2095
2024-03-28 20:07:44.934897 ; 2078
2024-03-28 20:07:44.937048 ; 2061
2024-03-28 20:07:44.938978 ; 2047
2024-03-28 20:07:44.940996 ; 2041
2024-03-28 20:07:44.942943 ; 2033
2024-03-28 20:07:44.945128 ; 2027
2024-03-28 20:07:44.947052 ; 2016
2024-03-28 20:07:44.948981 ; 1995
2024-03-28 20:07:44.951060 ; 1975
2024-03-28 20:07:44.953166 ; 1953
2024-03-28 20:07:44.955089 ; 1935
2024-03-28 20:07:44.956969 ; 1943
2024-03-28 20:07:44.959126 ; 1970
2024-03-28 20:07:44.961092 ; 1998
2024-03-28 20:07:44.963131 ; 2028
2024-03-28 20:07:44.965103 ; 2039
2024-03-28 20:07:44.967142 ; 2030
2024-03-28 20:07:44.969126 ; 2006
2024-03-28 20:07:44.971280 ; 1968
2024-03-28 20:07:44.973056 ; 1936
2024-03-28 20:07:44.975033 ; 1906
2024-03-28 20:07:44.977100 ; 1878
2024-03-28 20:07:44.979203 ; 1861
2024-03-28 20:07:44.981170 ; 1861
2024-03-28 20:07:44.983204 ; 1860
2024-03-28 20:07:44.985219 ; 1877
2024-03-28 20:07:44.987267 ; 1867
2024-03-28 20:07:44.989137 ; 1853
2024-03-28 20:07:44.991136 ; 1830
2024-03-28 20:07:44.993144 ; 1809
2024-03-28 20:07:44.995442 ; 1800
2024-03-28 20:07:44.997240 ; 1780
2024-03-28 20:07:44.999245 ; 1777
2024-03-28 20:07:45.001275 ; 1770
2024-03-28 20:07:45.003389 ; 1777
2024-03-28 20:07:45.005251 ; 1790
2024-03-28 20:07:45.007219 ; 1806
2024-03-28 20:07:45.009271 ; 1813
2024-03-28 20:07:45.011325 ; 1814
2024-03-28 20:07:45.013432 ; 1794
2024-03-28 20:07:45.015318 ; 1769
2024-03-28 20:07:45.017384 ; 1752
2024-03-28 20:07:45.019392 ; 1764
2024-03-28 20:07:45.021604 ; 1807
2024-03-28 20:07:45.023428 ; 1861
2024-03-28 20:07:45.025435 ; 1912
2024-03-28 20:07:45.027417 ; 1942
2024-03-28 20:07:45.029471 ; 1952
2024-03-28 20:07:45.031403 ; 1967
2024-03-28 20:07:45.033365 ; 1978
2024-03-28 20:07:45.035454 ; 1982
2024-03-28 20:07:45.037571 ; 1988
2024-03-28 20:07:45.039365 ; 2010
2024-03-28 20:07:45.041357 ; 2039
2024-03-28 20:07:45.043379 ; 2066
2024-03-28 20:07:45.045424 ; 2084
2024-03-28 20:07:45.047436 ; 2097
2024-03-28 20:07:45.049429 ; 2104
2024-03-28 20:07:45.051628 ; 2113
2024-03-28 20:07:45.053484 ; 2116
2024-03-28 20:07:45.055448 ; 2124
2024-03-28 20:07:45.057473 ; 2134
2024-03-28 20:07:45.059487 ; 2139
2024-03-28 20:07:45.061578 ; 2133
2024-03-28 20:07:45.063618 ; 2138
2024-03-28 20:07:45.065581 ; 2140
2024-03-28 20:07:45.067663 ; 2140
2024-03-28 20:07:45.069777 ; 2139
2024-03-28 20:07:45.071660 ; 2127
2024-03-28 20:07:45.073613 ; 2105
2024-03-28 20:07:45.075602 ; 2076
2024-03-28 20:07:45.077670 ; 2041
2024-03-28 20:07:45.079705 ; 2006
2024-03-28 20:07:45.081667 ; 1968
2024-03-28 20:07:45.083723 ; 1928
2024-03-28 20:07:45.085883 ; 1887
2024-03-28 20:07:45.087796 ; 1841
2024-03-28 20:07:45.089945 ; 1802
2024-03-28 20:07:45.091756 ; 1765
2024-03-28 20:07:45.093914 ; 1729
2024-03-28 20:07:45.095767 ; 1704
2024-03-28 20:07:45.097717 ; 1689
2024-03-28 20:07:45.099753 ; 1679
2024-03-28 20:07:45.101865 ; 1668
2024-03-28 20:07:45.103715 ; 1668
2024-03-28 20:07:45.105699 ; 1665
2024-03-28 20:07:45.107677 ; 1662
2024-03-28 20:07:45.109729 ; 1663
2024-03-28 20:07:45.111956 ; 1675
2024-03-28 20:07:45.113842 ; 1701
2024-03-28 20:07:45.115882 ; 1736
2024-03-28 20:07:45.117807 ; 1783
2024-03-28 20:07:45.119960 ; 1820
2024-03-28 20:07:45.121972 ; 1856
2024-03-28 20:07:45.123769 ; 1867
2024-03-28 20:07:45.125807 ; 1869
2024-03-28 20:07:45.127780 ; 1867
2024-03-28 20:07:45.129844 ; 1882
2024-03-28 20:07:45.131833 ; 1895
2024-03-28 20:07:45.133844 ; 1918
2024-03-28 20:07:45.136013 ; 1954
2024-03-28 20:07:45.137877 ; 1992
2024-03-28 20:07:45.139837 ; 2037
2024-03-28 20:07:45.141864 ; 2076
2024-03-28 20:07:45.144285 ; 2116
2024-03-28 20:07:45.146027 ; 2151
2024-03-28 20:07:45.147928 ; 2176
2024-03-28 20:07:45.149967 ; 2196
2024-03-28 20:07:45.152270 ; 2207
2024-03-28 20:07:45.154106 ; 2224
2024-03-28 20:07:45.155994 ; 2229
2024-03-28 20:07:45.158018 ; 2240
2024-03-28 20:07:45.160013 ; 2245
2024-03-28 20:07:45.162159 ; 2244
2024-03-28 20:07:45.164034 ; 2239
2024-03-28 20:07:45.166001 ; 2240
2024-03-28 20:07:45.168004 ; 2226
2024-03-28 20:07:45.170175 ; 2218
2024-03-28 20:07:45.172096 ; 2208
2024-03-28 20:07:45.174119 ; 2207
2024-03-28 20:07:45.176104 ; 2204
2024-03-28 20:07:45.178197 ; 2197
2024-03-28 20:07:45.180177 ; 2196
2024-03-28 20:07:45.182137 ; 2189
2024-03-28 20:07:45.184213 ; 2183
2024-03-28 20:07:45.186255 ; 2177
2024-03-28 20:07:45.188326 ; 2168
2024-03-28 20:07:45.190201 ; 2155
2024-03-28 20:07:45.192176 ; 2144
2024-03-28 20:07:45.194320 ; 2137
2024-03-28 20:07:45.196247 ; 2133
2024-03-28 20:07:45.198205 ; 2127
2024-03-28 20:07:45.200233 ; 2119
2024-03-28 20:07:45.202349 ; 2110
2024-03-28 20:07:45.204225 ; 2108
2024-03-28 20:07:45.206192 ; 2106
2024-03-28 20:07:45.208202 ; 2109
2024-03-28 20:07:45.210268 ; 2111
2024-03-28 20:07:45.212359 ; 2117
2024-03-28 20:07:45.214300 ; 2123
2024-03-28 20:07:45.216315 ; 2129
2024-03-28 20:07:45.218356 ; 2137
2024-03-28 20:07:45.220393 ; 2147
2024-03-28 20:07:45.222277 ; 2162
2024-03-28 20:07:45.224278 ; 2173
2024-03-28 20:07:45.226370 ; 2180
2024-03-28 20:07:45.228414 ; 2182
2024-03-28 20:07:45.230518 ; 2183
2024-03-28 20:07:45.232383 ; 2180
2024-03-28 20:07:45.234419 ; 2186
2024-03-28 20:07:45.236589 ; 2186
2024-03-28 20:07:45.238493 ; 2195
2024-03-28 20:07:45.240406 ; 2196
2024-03-28 20:07:45.242412 ; 2201
2024-03-28 20:07:45.244457 ; 2200
2024-03-28 20:07:45.246491 ; 2203
2024-03-28 20:07:45.248440 ; 2206
2024-03-28 20:07:45.250493 ; 2210
2024-03-28 20:07:45.252523 ; 2199
2024-03-28 20:07:45.254485 ; 2194
2024-03-28 20:07:45.256436 ; 2196
2024-03-28 20:07:45.258444 ; 2199
2024-03-28 20:07:45.260534 ; 2195
2024-03-28 20:07:45.262570 ; 2197
2024-03-28 20:07:45.264438 ; 2189
2024-03-28 20:07:45.266560 ; 2192
2024-03-28 20:07:45.268671 ; 2185
2024-03-28 20:07:45.270562 ; 2188
2024-03-28 20:07:45.272501 ; 2193
2024-03-28 20:07:45.274492 ; 2188
2024-03-28 20:07:45.276520 ; 2193
2024-03-28 20:07:45.278760 ; 2174
2024-03-28 20:07:45.280643 ; 2166
2024-03-28 20:07:45.282668 ; 2164
2024-03-28 20:07:45.284665 ; 2169
2024-03-28 20:07:45.286751 ; 2172
2024-03-28 20:07:45.288828 ; 2161
2024-03-28 20:07:45.290600 ; 2151
2024-03-28 20:07:45.292701 ; 2140
2024-03-28 20:07:45.294751 ; 2139
2024-03-28 20:07:45.296732 ; 2135
2024-03-28 20:07:45.298695 ; 2120
2024-03-28 20:07:45.300708 ; 2115
2024-03-28 20:07:45.302777 ; 2115
2024-03-28 20:07:45.304901 ; 2117
2024-03-28 20:07:45.306645 ; 2110
2024-03-28 20:07:45.308656 ; 2106
2024-03-28 20:07:45.310946 ; 2108
2024-03-28 20:07:45.312854 ; 2112
2024-03-28 20:07:45.314793 ; 2118
2024-03-28 20:07:45.316737 ; 2125
2024-03-28 20:07:45.318764 ; 2131
2024-03-28 20:07:45.320983 ; 2135
2024-03-28 20:07:45.322812 ; 2137
2024-03-28 20:07:45.324797 ; 2124
2024-03-28 20:07:45.326838 ; 2118
2024-03-28 20:07:45.328922 ; 2108
2024-03-28 20:07:45.330846 ; 2100
2024-03-28 20:07:45.332858 ; 2086
2024-03-28 20:07:45.334809 ; 2073
2024-03-28 20:07:45.336832 ; 2066
2024-03-28 20:07:45.338870 ; 2059
2024-03-28 20:07:45.340898 ; 2049
2024-03-28 20:07:45.342986 ; 2037
2024-03-28 20:07:45.345049 ; 2022
2024-03-28 20:07:45.346980 ; 2006
2024-03-28 20:07:45.348933 ; 1993
2024-03-28 20:07:45.350971 ; 1981
2024-03-28 20:07:45.353121 ; 1969
2024-03-28 20:07:45.355059 ; 1964
2024-03-28 20:07:45.356986 ; 1959
2024-03-28 20:07:45.358978 ; 1963
2024-03-28 20:07:45.361051 ; 1957
2024-03-28 20:07:45.363059 ; 1969
2024-03-28 20:07:45.364980 ; 1978
2024-03-28 20:07:45.367041 ; 1965
2024-03-28 20:07:45.369136 ; 1964
2024-03-28 20:07:45.371231 ; 1968
2024-03-28 20:07:45.373087 ; 1985
2024-03-28 20:07:45.375202 ; 2007
2024-03-28 20:07:45.377116 ; 2034
2024-03-28 20:07:45.379157 ; 2057
2024-03-28 20:07:45.381074 ; 2083
2024-03-28 20:07:45.383073 ; 2104
2024-03-28 20:07:45.385232 ; 2116
2024-03-28 20:07:45.387218 ; 2116
2024-03-28 20:07:45.389058 ; 2077
2024-03-28 20:07:45.391042 ; 2006
2024-03-28 20:07:45.393061 ; 1893
2024-03-28 20:07:45.395263 ; 1729
2024-03-28 20:07:45.397172 ; 1517
2024-03-28 20:07:45.399146 ; 1253
2024-03-28 20:07:45.401217 ; 956
2024-03-28 20:07:45.403340 ; 612
2024-03-28 20:07:45.405215 ; 245
2024-03-28 20:07:45.407104 ; 16
2024-03-28 20:07:45.409158 ; 17
2024-03-28 20:07:45.411273 ; 14
2024-03-28 20:07:45.413319 ; 14
2024-03-28 20:07:45.415231 ; 15
2024-03-28 20:07:45.417294 ; 12
2024-03-28 20:07:45.419374 ; 13
2024-03-28 20:07:45.421465 ; 10
2024-03-28 20:07:45.423210 ; 13
2024-03-28 20:07:45.425323 ; 153
2024-03-28 20:07:45.427445 ; 634
2024-03-28 20:07:45.429427 ; 1137
2024-03-28 20:07:45.431343 ; 1578
2024-03-28 20:07:45.433352 ; 1932
2024-03-28 20:07:45.435401 ; 2210
2024-03-28 20:07:45.437352 ; 2422
2024-03-28 20:07:45.439326 ; 2579
2024-03-28 20:07:45.441358 ; 2692
2024-03-28 20:07:45.443374 ; 2762
2024-03-28 20:07:45.445414 ; 2798
2024-03-28 20:07:45.447328 ; 2802
2024-03-28 20:07:45.449375 ; 2781
2024-03-28 20:07:45.451596 ; 2741
2024-03-28 20:07:45.453393 ; 2698
2024-03-28 20:07:45.455360 ; 2666
2024-03-28 20:07:45.457416 ; 2636
2024-03-28 20:07:45.459393 ; 2605
2024-03-28 20:07:45.461469 ; 2578
2024-03-28 20:07:45.463535 ; 2552
2024-03-28 20:07:45.465482 ; 2521
2024-03-28 20:07:45.467553 ; 2488
2024-03-28 20:07:45.469517 ; 2461
2024-03-28 20:07:45.471685 ; 2441
2024-03-28 20:07:45.473502 ; 2426
2024-03-28 20:07:45.475471 ; 2416
2024-03-28 20:07:45.477599 ; 2406
2024-03-28 20:07:45.479571 ; 2393
2024-03-28 20:07:45.481541 ; 2374
2024-03-28 20:07:45.483576 ; 2361
2024-03-28 20:07:45.485787 ; 2367
2024-03-28 20:07:45.487624 ; 2384
2024-03-28 20:07:45.489614 ; 2412
2024-03-28 20:07:45.491571 ; 2441
2024-03-28 20:07:45.493642 ; 2468
2024-03-28 20:07:45.495649 ; 2494
2024-03-28 20:07:45.497657 ; 2508
2024-03-28 20:07:45.499620 ; 2514
2024-03-28 20:07:45.501632 ; 2512
2024-03-28 20:07:45.503834 ; 2506
2024-03-28 20:07:45.505694 ; 2492
2024-03-28 20:07:45.507676 ; 2468
2024-03-28 20:07:45.509951 ; 2442
2024-03-28 20:07:45.511755 ; 2427
2024-03-28 20:07:45.513786 ; 2419
2024-03-28 20:07:45.515717 ; 2421
2024-03-28 20:07:45.517729 ; 2437
2024-03-28 20:07:45.519899 ; 2454
2024-03-28 20:07:45.521855 ; 2471
2024-03-28 20:07:45.523802 ; 2483
2024-03-28 20:07:45.525799 ; 2473
2024-03-28 20:07:45.527816 ; 2460
2024-03-28 20:07:45.529872 ; 2439
2024-03-28 20:07:45.531758 ; 2422
2024-03-28 20:07:45.533821 ; 2409
2024-03-28 20:07:45.535951 ; 2402
2024-03-28 20:07:45.537987 ; 2402
2024-03-28 20:07:45.539964 ; 2392
2024-03-28 20:07:45.541810 ; 2385
2024-03-28 20:07:45.543948 ; 2358
2024-03-28 20:07:45.545937 ; 2326
2024-03-28 20:07:45.547886 ; 2297
2024-03-28 20:07:45.549880 ; 2266
2024-03-28 20:07:45.552052 ; 2258
2024-03-28 20:07:45.553922 ; 2252
2024-03-28 20:07:45.555955 ; 2251
2024-03-28 20:07:45.557930 ; 2253
2024-03-28 20:07:45.560005 ; 2251
2024-03-28 20:07:45.562160 ; 2225
2024-03-28 20:07:45.563959 ; 2198
2024-03-28 20:07:45.565958 ; 2157
2024-03-28 20:07:45.567949 ; 2108
2024-03-28 20:07:45.570159 ; 2064
2024-03-28 20:07:45.571995 ; 2026
2024-03-28 20:07:45.573978 ; 1995
2024-03-28 20:07:45.576036 ; 1981
2024-03-28 20:07:45.578056 ; 1982
2024-03-28 20:07:45.580098 ; 1997
2024-03-28 20:07:45.582059 ; 2004
2024-03-28 20:07:45.584107 ; 2006
2024-03-28 20:07:45.586099 ; 2007
2024-03-28 20:07:45.588173 ; 1994
2024-03-28 20:07:45.590004 ; 1976
2024-03-28 20:07:45.592020 ; 1963
2024-03-28 20:07:45.594301 ; 1949
2024-03-28 20:07:45.596224 ; 1930
2024-03-28 20:07:45.598153 ; 1910
2024-03-28 20:07:45.600145 ; 1894
2024-03-28 20:07:45.602143 ; 1881
2024-03-28 20:07:45.604173 ; 1881
2024-03-28 20:07:45.606196 ; 1886
2024-03-28 20:07:45.608129 ; 1896
2024-03-28 20:07:45.610248 ; 1892
2024-03-28 20:07:45.612300 ; 1885
2024-03-28 20:07:45.614199 ; 1884
2024-03-28 20:07:45.616178 ; 1887
2024-03-28 20:07:45.618167 ; 1902
2024-03-28 20:07:45.620462 ; 1916
2024-03-28 20:07:45.622238 ; 1935
2024-03-28 20:07:45.624249 ; 1962
2024-03-28 20:07:45.626238 ; 1987
2024-03-28 20:07:45.628382 ; 2009
2024-03-28 20:07:45.630338 ; 2033
2024-03-28 20:07:45.632266 ; 2067
2024-03-28 20:07:45.634382 ; 2103
2024-03-28 20:07:45.636548 ; 2142
2024-03-28 20:07:45.638438 ; 2153
2024-03-28 20:07:45.640304 ; 2151
2024-03-28 20:07:45.642317 ; 2144
2024-03-28 20:07:45.644425 ; 2140
2024-03-28 20:07:45.646426 ; 2145
2024-03-28 20:07:45.648455 ; 2161
2024-03-28 20:07:45.650457 ; 2175
2024-03-28 20:07:45.652495 ; 2180
2024-03-28 20:07:45.654571 ; 2194
2024-03-28 20:07:45.656407 ; 2205
2024-03-28 20:07:45.658412 ; 2215
2024-03-28 20:07:45.660526 ; 2222
2024-03-28 20:07:45.662508 ; 2239
2024-03-28 20:07:45.664466 ; 2241
2024-03-28 20:07:45.666480 ; 2221
2024-03-28 20:07:45.668505 ; 2199
2024-03-28 20:07:45.670530 ; 2160
2024-03-28 20:07:45.672428 ; 2153
2024-03-28 20:07:45.674483 ; 2167
2024-03-28 20:07:45.676521 ; 2196
2024-03-28 20:07:45.678660 ; 2233
2024-03-28 20:07:45.680558 ; 2266
2024-03-28 20:07:45.682546 ; 2292
2024-03-28 20:07:45.684530 ; 2302
2024-03-28 20:07:45.686576 ; 2281
2024-03-28 20:07:45.688485 ; 2250
2024-03-28 20:07:45.690473 ; 2238
2024-03-28 20:07:45.692515 ; 2251
2024-03-28 20:07:45.694565 ; 2267
2024-03-28 20:07:45.696683 ; 2287
2024-03-28 20:07:45.698600 ; 2298
2024-03-28 20:07:45.700579 ; 2319
2024-03-28 20:07:45.702744 ; 2340
2024-03-28 20:07:45.704725 ; 2363
2024-03-28 20:07:45.706644 ; 2365
2024-03-28 20:07:45.708587 ; 2365
2024-03-28 20:07:45.710668 ; 2364
2024-03-28 20:07:45.712694 ; 2372
2024-03-28 20:07:45.714593 ; 2379
2024-03-28 20:07:45.716629 ; 2389
2024-03-28 20:07:45.718770 ; 2387
2024-03-28 20:07:45.720696 ; 2380
2024-03-28 20:07:45.722663 ; 2384
2024-03-28 20:07:45.724625 ; 2398
2024-03-28 20:07:45.726648 ; 2401
2024-03-28 20:07:45.728840 ; 2386
2024-03-28 20:07:45.730749 ; 2364
2024-03-28 20:07:45.732732 ; 2352
2024-03-28 20:07:45.734818 ; 2354
2024-03-28 20:07:45.736879 ; 2363
2024-03-28 20:07:45.738821 ; 2359
2024-03-28 20:07:45.740819 ; 2334
2024-03-28 20:07:45.743071 ; 2300
2024-03-28 20:07:45.744922 ; 2316
2024-03-28 20:07:45.746950 ; 2333
2024-03-28 20:07:45.748897 ; 2348
