2024-03-28 17:41:09.481849 ; 1165
2024-03-28 17:41:09.483824 ; 1398
2024-03-28 17:41:09.485776 ; 1588
2024-03-28 17:41:09.487823 ; 1738
2024-03-28 17:41:09.489838 ; 1857
2024-03-28 17:41:09.491946 ; 1943
2024-03-28 17:41:09.493885 ; 1996
2024-03-28 17:41:09.495882 ; 2043
2024-03-28 17:41:09.498123 ; 2065
2024-03-28 17:41:09.500030 ; 2069
2024-03-28 17:41:09.501962 ; 2075
2024-03-28 17:41:09.503897 ; 2082
2024-03-28 17:41:09.505997 ; 2092
2024-03-28 17:41:09.508177 ; 2112
2024-03-28 17:41:09.510029 ; 2129
2024-03-28 17:41:09.512030 ; 2142
2024-03-28 17:41:09.514014 ; 2156
2024-03-28 17:41:09.516078 ; 2167
2024-03-28 17:41:09.518045 ; 2177
2024-03-28 17:41:09.519995 ; 2183
2024-03-28 17:41:09.521976 ; 2188
2024-03-28 17:41:09.524154 ; 2198
2024-03-28 17:41:09.526088 ; 2200
2024-03-28 17:41:09.528048 ; 2190
2024-03-28 17:41:09.530103 ; 2174
2024-03-28 17:41:09.532216 ; 2156
2024-03-28 17:41:09.534135 ; 2148
2024-03-28 17:41:09.536035 ; 2152
2024-03-28 17:41:09.538106 ; 2157
2024-03-28 17:41:09.540064 ; 2156
2024-03-28 17:41:09.542149 ; 2154
2024-03-28 17:41:09.544176 ; 2147
2024-03-28 17:41:09.546179 ; 2137
2024-03-28 17:41:09.548315 ; 2131
2024-03-28 17:41:09.550252 ; 2128
2024-03-28 17:41:09.552183 ; 2135
2024-03-28 17:41:09.554170 ; 2143
2024-03-28 17:41:09.556252 ; 2151
2024-03-28 17:41:09.558309 ; 2160
2024-03-28 17:41:09.560235 ; 2171
2024-03-28 17:41:09.562266 ; 2187
2024-03-28 17:41:09.564320 ; 2185
2024-03-28 17:41:09.566415 ; 2182
2024-03-28 17:41:09.568281 ; 2163
2024-03-28 17:41:09.570305 ; 2143
2024-03-28 17:41:09.572332 ; 2132
2024-03-28 17:41:09.574419 ; 2138
2024-03-28 17:41:09.576368 ; 2154
2024-03-28 17:41:09.578303 ; 2171
2024-03-28 17:41:09.580313 ; 2182
2024-03-28 17:41:09.582428 ; 2192
2024-03-28 17:41:09.584313 ; 2182
2024-03-28 17:41:09.586339 ; 2173
2024-03-28 17:41:09.588336 ; 2159
2024-03-28 17:41:09.590437 ; 2150
2024-03-28 17:41:09.592422 ; 2128
2024-03-28 17:41:09.594366 ; 2122
2024-03-28 17:41:09.596496 ; 2118
2024-03-28 17:41:09.598460 ; 2123
2024-03-28 17:41:09.600560 ; 2139
2024-03-28 17:41:09.602364 ; 2168
2024-03-28 17:41:09.604404 ; 2196
2024-03-28 17:41:09.606507 ; 2216
2024-03-28 17:41:09.608564 ; 2229
2024-03-28 17:41:09.610500 ; 2236
2024-03-28 17:41:09.612479 ; 2232
2024-03-28 17:41:09.614760 ; 2214
2024-03-28 17:41:09.616569 ; 2190
2024-03-28 17:41:09.618577 ; 2174
2024-03-28 17:41:09.620531 ; 2160
2024-03-28 17:41:09.622533 ; 2163
2024-03-28 17:41:09.624740 ; 2162
2024-03-28 17:41:09.626638 ; 2163
2024-03-28 17:41:09.628637 ; 2164
2024-03-28 17:41:09.630568 ; 2166
2024-03-28 17:41:09.632627 ; 2172
2024-03-28 17:41:09.634688 ; 2175
2024-03-28 17:41:09.636595 ; 2173
2024-03-28 17:41:09.638670 ; 2164
2024-03-28 17:41:09.640769 ; 2146
2024-03-28 17:41:09.642752 ; 2135
2024-03-28 17:41:09.644700 ; 2119
2024-03-28 17:41:09.646741 ; 2100
2024-03-28 17:41:09.648859 ; 2088
2024-03-28 17:41:09.650719 ; 2070
2024-03-28 17:41:09.652678 ; 2047
2024-03-28 17:41:09.654667 ; 2024
2024-03-28 17:41:09.656855 ; 2007
2024-03-28 17:41:09.658870 ; 2003
2024-03-28 17:41:09.660790 ; 2001
2024-03-28 17:41:09.662818 ; 1988
2024-03-28 17:41:09.664836 ; 1977
2024-03-28 17:41:09.666878 ; 1965
2024-03-28 17:41:09.668818 ; 1954
2024-03-28 17:41:09.670871 ; 1939
2024-03-28 17:41:09.672830 ; 1924
2024-03-28 17:41:09.674912 ; 1906
2024-03-28 17:41:09.676905 ; 1893
2024-03-28 17:41:09.678816 ; 1872
2024-03-28 17:41:09.681062 ; 1853
2024-03-28 17:41:09.682965 ; 1842
2024-03-28 17:41:09.684862 ; 1827
2024-03-28 17:41:09.686873 ; 1810
2024-03-28 17:41:09.688904 ; 1795
2024-03-28 17:41:09.691015 ; 1771
2024-03-28 17:41:09.693007 ; 1747
2024-03-28 17:41:09.694978 ; 1738
2024-03-28 17:41:09.696985 ; 1708
2024-03-28 17:41:09.699096 ; 1691
2024-03-28 17:41:09.700976 ; 1676
2024-03-28 17:41:09.702933 ; 1660
2024-03-28 17:41:09.704928 ; 1655
2024-03-28 17:41:09.707024 ; 1654
2024-03-28 17:41:09.709034 ; 1653
2024-03-28 17:41:09.710964 ; 1653
2024-03-28 17:41:09.713144 ; 1657
2024-03-28 17:41:09.715207 ; 1661
2024-03-28 17:41:09.717218 ; 1668
2024-03-28 17:41:09.719039 ; 1681
2024-03-28 17:41:09.721061 ; 1692
2024-03-28 17:41:09.723192 ; 1700
2024-03-28 17:41:09.725175 ; 1715
2024-03-28 17:41:09.727112 ; 1711
2024-03-28 17:41:09.729124 ; 1713
2024-03-28 17:41:09.731352 ; 1705
2024-03-28 17:41:09.733218 ; 1700
2024-03-28 17:41:09.735192 ; 1694
2024-03-28 17:41:09.737200 ; 1696
2024-03-28 17:41:09.739163 ; 1705
2024-03-28 17:41:09.741382 ; 1735
2024-03-28 17:41:09.743176 ; 1760
2024-03-28 17:41:09.745186 ; 1780
2024-03-28 17:41:09.747218 ; 1797
2024-03-28 17:41:09.749322 ; 1811
2024-03-28 17:41:09.751254 ; 1831
2024-03-28 17:41:09.753268 ; 1844
2024-03-28 17:41:09.755610 ; 1857
2024-03-28 17:41:09.757429 ; 1869
2024-03-28 17:41:09.759415 ; 1884
2024-03-28 17:41:09.761349 ; 1900
2024-03-28 17:41:09.763364 ; 1918
2024-03-28 17:41:09.765422 ; 1930
2024-03-28 17:41:09.767501 ; 1937
2024-03-28 17:41:09.769320 ; 1943
2024-03-28 17:41:09.771459 ; 1940
2024-03-28 17:41:09.773518 ; 1935
2024-03-28 17:41:09.775484 ; 1930
2024-03-28 17:41:09.777422 ; 1928
2024-03-28 17:41:09.779471 ; 1925
2024-03-28 17:41:09.781398 ; 1916
2024-03-28 17:41:09.783556 ; 1902
2024-03-28 17:41:09.785413 ; 1884
2024-03-28 17:41:09.787350 ; 1872
2024-03-28 17:41:09.789386 ; 1874
2024-03-28 17:41:09.791479 ; 1878
2024-03-28 17:41:09.793393 ; 1890
2024-03-28 17:41:09.795480 ; 1896
2024-03-28 17:41:09.797509 ; 1888
2024-03-28 17:41:09.799565 ; 1876
2024-03-28 17:41:09.801460 ; 1855
2024-03-28 17:41:09.803460 ; 1830
2024-03-28 17:41:09.805467 ; 1815
2024-03-28 17:41:09.807565 ; 1813
2024-03-28 17:41:09.809614 ; 1817
2024-03-28 17:41:09.811588 ; 1834
2024-03-28 17:41:09.813566 ; 1857
2024-03-28 17:41:09.815637 ; 1877
2024-03-28 17:41:09.817672 ; 1903
2024-03-28 17:41:09.819644 ; 1929
2024-03-28 17:41:09.821930 ; 1956
2024-03-28 17:41:09.823856 ; 1988
2024-03-28 17:41:09.825764 ; 2022
2024-03-28 17:41:09.827670 ; 2048
2024-03-28 17:41:09.829657 ; 2055
2024-03-28 17:41:09.831815 ; 2062
2024-03-28 17:41:09.833679 ; 2062
2024-03-28 17:41:09.835741 ; 2069
2024-03-28 17:41:09.837694 ; 2074
2024-03-28 17:41:09.839924 ; 2062
2024-03-28 17:41:09.841795 ; 2043
2024-03-28 17:41:09.843744 ; 2022
2024-03-28 17:41:09.845711 ; 1991
2024-03-28 17:41:09.847878 ; 1971
2024-03-28 17:41:09.849743 ; 1956
2024-03-28 17:41:09.851754 ; 1948
2024-03-28 17:41:09.853759 ; 1948
2024-03-28 17:41:09.855820 ; 1954
2024-03-28 17:41:09.858000 ; 1955
2024-03-28 17:41:09.859846 ; 1946
2024-03-28 17:41:09.861796 ; 1930
2024-03-28 17:41:09.863811 ; 1912
2024-03-28 17:41:09.865881 ; 1893
2024-03-28 17:41:09.867896 ; 1875
2024-03-28 17:41:09.869861 ; 1857
2024-03-28 17:41:09.872101 ; 1845
2024-03-28 17:41:09.874008 ; 1844
2024-03-28 17:41:09.876001 ; 1859
2024-03-28 17:41:09.877915 ; 1875
2024-03-28 17:41:09.879937 ; 1899
2024-03-28 17:41:09.881972 ; 1927
2024-03-28 17:41:09.884086 ; 1939
2024-03-28 17:41:09.885965 ; 1934
2024-03-28 17:41:09.887899 ; 1914
2024-03-28 17:41:09.889893 ; 1889
2024-03-28 17:41:09.892062 ; 1869
2024-03-28 17:41:09.893999 ; 1846
2024-03-28 17:41:09.895981 ; 1823
2024-03-28 17:41:09.898173 ; 1807
2024-03-28 17:41:09.900066 ; 1806
2024-03-28 17:41:09.902063 ; 1821
2024-03-28 17:41:09.904049 ; 1850
2024-03-28 17:41:09.906154 ; 1884
2024-03-28 17:41:09.908174 ; 1912
2024-03-28 17:41:09.910038 ; 1935
2024-03-28 17:41:09.912065 ; 1933
2024-03-28 17:41:09.914068 ; 1927
2024-03-28 17:41:09.916250 ; 1916
2024-03-28 17:41:09.918066 ; 1907
2024-03-28 17:41:09.920060 ; 1892
2024-03-28 17:41:09.922085 ; 1869
2024-03-28 17:41:09.924193 ; 1862
2024-03-28 17:41:09.926312 ; 1876
2024-03-28 17:41:09.928141 ; 1878
2024-03-28 17:41:09.930180 ; 1871
2024-03-28 17:41:09.932520 ; 1870
2024-03-28 17:41:09.934345 ; 1859
2024-03-28 17:41:09.936257 ; 1847
2024-03-28 17:41:09.938220 ; 1848
2024-03-28 17:41:09.940284 ; 1849
2024-03-28 17:41:09.942317 ; 1845
2024-03-28 17:41:09.944264 ; 1847
2024-03-28 17:41:09.946294 ; 1839
2024-03-28 17:41:09.948414 ; 1844
2024-03-28 17:41:09.950342 ; 1849
2024-03-28 17:41:09.952342 ; 1871
2024-03-28 17:41:09.954311 ; 1878
2024-03-28 17:41:09.956370 ; 1869
2024-03-28 17:41:09.958547 ; 1867
2024-03-28 17:41:09.960363 ; 1888
2024-03-28 17:41:09.962336 ; 1904
2024-03-28 17:41:09.964376 ; 1914
2024-03-28 17:41:09.966410 ; 1916
2024-03-28 17:41:09.968339 ; 1907
2024-03-28 17:41:09.970358 ; 1907
2024-03-28 17:41:09.972340 ; 1916
2024-03-28 17:41:09.974482 ; 1932
2024-03-28 17:41:09.976433 ; 1937
2024-03-28 17:41:09.978406 ; 1935
2024-03-28 17:41:09.980448 ; 1941
2024-03-28 17:41:09.982630 ; 1948
2024-03-28 17:41:09.984401 ; 1969
2024-03-28 17:41:09.986413 ; 1959
2024-03-28 17:41:09.988405 ; 1971
2024-03-28 17:41:09.990504 ; 1981
2024-03-28 17:41:09.992589 ; 1992
2024-03-28 17:41:09.994542 ; 1997
2024-03-28 17:41:09.996598 ; 1998
2024-03-28 17:41:09.998563 ; 1977
2024-03-28 17:41:10.000728 ; 1964
2024-03-28 17:41:10.002581 ; 1971
2024-03-28 17:41:10.004633 ; 1995
2024-03-28 17:41:10.006684 ; 2027
2024-03-28 17:41:10.008655 ; 2064
2024-03-28 17:41:10.010579 ; 2105
2024-03-28 17:41:10.012585 ; 2150
2024-03-28 17:41:10.014707 ; 2207
2024-03-28 17:41:10.016787 ; 2275
2024-03-28 17:41:10.018588 ; 2339
2024-03-28 17:41:10.020561 ; 2403
2024-03-28 17:41:10.022686 ; 2466
2024-03-28 17:41:10.024821 ; 2513
2024-03-28 17:41:10.026683 ; 2532
2024-03-28 17:41:10.028721 ; 2492
2024-03-28 17:41:10.030684 ; 2390
2024-03-28 17:41:10.032838 ; 2229
2024-03-28 17:41:10.034743 ; 2012
2024-03-28 17:41:10.036736 ; 1754
2024-03-28 17:41:10.038705 ; 1469
2024-03-28 17:41:10.040747 ; 1188
2024-03-28 17:41:10.042830 ; 925
2024-03-28 17:41:10.044760 ; 693
2024-03-28 17:41:10.046786 ; 500
2024-03-28 17:41:10.048924 ; 383
2024-03-28 17:41:10.050773 ; 341
2024-03-28 17:41:10.052737 ; 398
2024-03-28 17:41:10.054794 ; 537
2024-03-28 17:41:10.057041 ; 753
2024-03-28 17:41:10.058886 ; 1015
2024-03-28 17:41:10.060880 ; 1319
2024-03-28 17:41:10.062856 ; 1609
2024-03-28 17:41:10.065101 ; 1845
2024-03-28 17:41:10.067070 ; 2008
2024-03-28 17:41:10.068933 ; 2128
2024-03-28 17:41:10.070952 ; 2205
2024-03-28 17:41:10.073134 ; 2260
2024-03-28 17:41:10.075033 ; 2302
2024-03-28 17:41:10.076996 ; 2331
2024-03-28 17:41:10.078919 ; 2339
2024-03-28 17:41:10.080979 ; 2331
2024-03-28 17:41:10.083210 ; 2321
2024-03-28 17:41:10.085034 ; 2318
2024-03-28 17:41:10.087022 ; 2328
2024-03-28 17:41:10.088992 ; 2344
2024-03-28 17:41:10.091151 ; 2356
2024-03-28 17:41:10.093099 ; 2369
2024-03-28 17:41:10.095033 ; 2391
2024-03-28 17:41:10.097097 ; 2415
2024-03-28 17:41:10.099181 ; 2452
2024-03-28 17:41:10.101083 ; 2483
2024-03-28 17:41:10.103085 ; 2501
2024-03-28 17:41:10.105130 ; 2518
2024-03-28 17:41:10.107142 ; 2529
2024-03-28 17:41:10.109169 ; 2535
2024-03-28 17:41:10.111139 ; 2544
2024-03-28 17:41:10.113156 ; 2538
2024-03-28 17:41:10.115211 ; 2540
2024-03-28 17:41:10.117303 ; 2533
2024-03-28 17:41:10.119131 ; 2528
2024-03-28 17:41:10.121089 ; 2523
2024-03-28 17:41:10.123110 ; 2513
2024-03-28 17:41:10.125212 ; 2511
2024-03-28 17:41:10.127140 ; 2503
2024-03-28 17:41:10.129215 ; 2518
2024-03-28 17:41:10.131403 ; 2505
2024-03-28 17:41:10.133248 ; 2498
2024-03-28 17:41:10.135277 ; 2489
2024-03-28 17:41:10.137490 ; 2489
2024-03-28 17:41:10.139566 ; 2486
2024-03-28 17:41:10.141510 ; 2490
2024-03-28 17:41:10.143417 ; 2489
2024-03-28 17:41:10.145382 ; 2486
2024-03-28 17:41:10.147376 ; 2492
2024-03-28 17:41:10.149514 ; 2494
2024-03-28 17:41:10.151421 ; 2486
2024-03-28 17:41:10.153286 ; 2480
2024-03-28 17:41:10.155343 ; 2481
2024-03-28 17:41:10.157366 ; 2482
2024-03-28 17:41:10.159367 ; 2477
2024-03-28 17:41:10.161416 ; 2471
2024-03-28 17:41:10.163502 ; 2462
2024-03-28 17:41:10.165621 ; 2450
2024-03-28 17:41:10.167461 ; 2439
2024-03-28 17:41:10.169351 ; 2424
2024-03-28 17:41:10.171459 ; 2419
2024-03-28 17:41:10.173472 ; 2415
2024-03-28 17:41:10.175497 ; 2413
2024-03-28 17:41:10.177421 ; 2414
2024-03-28 17:41:10.179496 ; 2416
2024-03-28 17:41:10.181669 ; 2407
2024-03-28 17:41:10.183540 ; 2413
2024-03-28 17:41:10.185448 ; 2411
2024-03-28 17:41:10.187452 ; 2408
2024-03-28 17:41:10.189776 ; 2409
2024-03-28 17:41:10.191635 ; 2403
2024-03-28 17:41:10.193586 ; 2403
2024-03-28 17:41:10.195559 ; 2386
2024-03-28 17:41:10.197829 ; 2363
2024-03-28 17:41:10.199640 ; 2346
2024-03-28 17:41:10.201625 ; 2337
2024-03-28 17:41:10.203634 ; 2328
2024-03-28 17:41:10.205669 ; 2321
2024-03-28 17:41:10.207761 ; 2313
2024-03-28 17:41:10.209687 ; 2308
2024-03-28 17:41:10.211662 ; 2296
2024-03-28 17:41:10.213623 ; 2292
2024-03-28 17:41:10.215794 ; 2286
2024-03-28 17:41:10.217676 ; 2278
2024-03-28 17:41:10.219665 ; 2278
2024-03-28 17:41:10.221735 ; 2278
2024-03-28 17:41:10.223760 ; 2277
2024-03-28 17:41:10.225872 ; 2279
2024-03-28 17:41:10.227715 ; 2283
2024-03-28 17:41:10.229816 ; 2279
2024-03-28 17:41:10.231800 ; 2274
2024-03-28 17:41:10.233954 ; 2264
2024-03-28 17:41:10.235742 ; 2238
2024-03-28 17:41:10.237766 ; 2215
2024-03-28 17:41:10.239762 ; 2190
2024-03-28 17:41:10.241883 ; 2170
2024-03-28 17:41:10.243841 ; 2157
2024-03-28 17:41:10.245862 ; 2152
2024-03-28 17:41:10.248040 ; 2155
2024-03-28 17:41:10.249877 ; 2148
2024-03-28 17:41:10.251849 ; 2137
2024-03-28 17:41:10.253876 ; 2129
2024-03-28 17:41:10.255941 ; 2109
2024-03-28 17:41:10.258115 ; 2087
2024-03-28 17:41:10.259936 ; 2072
2024-03-28 17:41:10.261915 ; 2042
2024-03-28 17:41:10.263887 ; 2009
2024-03-28 17:41:10.266060 ; 1986
2024-03-28 17:41:10.267952 ; 1968
2024-03-28 17:41:10.269905 ; 1956
2024-03-28 17:41:10.272048 ; 1949
2024-03-28 17:41:10.274060 ; 1947
2024-03-28 17:41:10.276097 ; 1947
2024-03-28 17:41:10.278052 ; 1957
2024-03-28 17:41:10.280031 ; 1964
2024-03-28 17:41:10.282201 ; 1973
2024-03-28 17:41:10.284140 ; 1985
2024-03-28 17:41:10.286071 ; 1988
2024-03-28 17:41:10.288096 ; 2021
2024-03-28 17:41:10.290235 ; 2036
2024-03-28 17:41:10.292160 ; 2051
2024-03-28 17:41:10.294089 ; 2062
2024-03-28 17:41:10.296167 ; 2073
2024-03-28 17:41:10.298181 ; 2087
2024-03-28 17:41:10.300311 ; 2102
2024-03-28 17:41:10.302056 ; 2107
2024-03-28 17:41:10.304049 ; 2110
2024-03-28 17:41:10.306062 ; 2107
2024-03-28 17:41:10.308256 ; 2112
2024-03-28 17:41:10.310124 ; 2107
2024-03-28 17:41:10.312164 ; 2107
2024-03-28 17:41:10.314171 ; 2110
2024-03-28 17:41:10.316307 ; 2103
2024-03-28 17:41:10.318151 ; 2092
2024-03-28 17:41:10.320164 ; 2092
2024-03-28 17:41:10.322203 ; 2098
2024-03-28 17:41:10.324272 ; 2115
2024-03-28 17:41:10.326245 ; 2131
2024-03-28 17:41:10.328291 ; 2146
2024-03-28 17:41:10.330249 ; 2154
2024-03-28 17:41:10.332409 ; 2153
2024-03-28 17:41:10.334311 ; 2144
2024-03-28 17:41:10.336298 ; 2143
2024-03-28 17:41:10.338322 ; 2145
2024-03-28 17:41:10.340421 ; 2154
2024-03-28 17:41:10.342434 ; 2169
2024-03-28 17:41:10.344411 ; 2186
2024-03-28 17:41:10.346431 ; 2206
2024-03-28 17:41:10.348460 ; 2225
2024-03-28 17:41:10.350496 ; 2246
2024-03-28 17:41:10.352365 ; 2263
2024-03-28 17:41:10.354400 ; 2268
2024-03-28 17:41:10.356340 ; 2271
2024-03-28 17:41:10.358446 ; 2258
2024-03-28 17:41:10.360385 ; 2253
2024-03-28 17:41:10.362470 ; 2241
2024-03-28 17:41:10.364639 ; 2238
2024-03-28 17:41:10.366481 ; 2239
2024-03-28 17:41:10.368454 ; 2243
2024-03-28 17:41:10.370418 ; 2252
2024-03-28 17:41:10.372466 ; 2262
2024-03-28 17:41:10.374723 ; 2263
2024-03-28 17:41:10.376577 ; 2254
2024-03-28 17:41:10.378550 ; 2253
2024-03-28 17:41:10.380530 ; 2258
2024-03-28 17:41:10.382710 ; 2257
2024-03-28 17:41:10.384535 ; 2265
2024-03-28 17:41:10.386564 ; 2263
2024-03-28 17:41:10.388542 ; 2258
2024-03-28 17:41:10.390663 ; 2253
2024-03-28 17:41:10.392710 ; 2251
2024-03-28 17:41:10.394633 ; 2247
2024-03-28 17:41:10.396729 ; 2258
2024-03-28 17:41:10.398878 ; 2258
2024-03-28 17:41:10.400779 ; 2248
2024-03-28 17:41:10.402835 ; 2239
2024-03-28 17:41:10.404908 ; 2230
2024-03-28 17:41:10.406873 ; 2227
2024-03-28 17:41:10.408772 ; 2237
2024-03-28 17:41:10.410707 ; 2241
2024-03-28 17:41:10.412732 ; 2253
2024-03-28 17:41:10.414752 ; 2245
2024-03-28 17:41:10.416849 ; 2241
2024-03-28 17:41:10.418718 ; 2236
2024-03-28 17:41:10.420692 ; 2244
2024-03-28 17:41:10.422762 ; 2253
2024-03-28 17:41:10.424897 ; 2262
2024-03-28 17:41:10.426802 ; 2266
2024-03-28 17:41:10.428799 ; 2265
2024-03-28 17:41:10.430943 ; 2265
2024-03-28 17:41:10.432974 ; 2253
2024-03-28 17:41:10.434883 ; 2251
2024-03-28 17:41:10.436826 ; 2245
2024-03-28 17:41:10.438938 ; 2241
2024-03-28 17:41:10.440912 ; 2237
2024-03-28 17:41:10.442966 ; 2232
2024-03-28 17:41:10.444910 ; 2225
2024-03-28 17:41:10.446934 ; 2220
2024-03-28 17:41:10.449060 ; 2209
2024-03-28 17:41:10.450919 ; 2198
2024-03-28 17:41:10.452984 ; 2188
2024-03-28 17:41:10.455043 ; 2182
2024-03-28 17:41:10.457064 ; 2174
2024-03-28 17:41:10.459032 ; 2173
2024-03-28 17:41:10.461019 ; 2175
2024-03-28 17:41:10.462990 ; 2168
2024-03-28 17:41:10.465070 ; 2160
2024-03-28 17:41:10.467198 ; 2161
2024-03-28 17:41:10.469041 ; 2160
2024-03-28 17:41:10.471102 ; 2159
2024-03-28 17:41:10.473149 ; 2162
2024-03-28 17:41:10.475159 ; 2168
2024-03-28 17:41:10.477137 ; 2164
2024-03-28 17:41:10.479049 ; 2166
2024-03-28 17:41:10.481276 ; 2169
2024-03-28 17:41:10.483165 ; 2177
2024-03-28 17:41:10.485068 ; 2176
2024-03-28 17:41:10.487046 ; 2176
2024-03-28 17:41:10.489327 ; 2169
2024-03-28 17:41:10.491342 ; 2159
2024-03-28 17:41:10.493159 ; 2148
2024-03-28 17:41:10.495151 ; 2134
2024-03-28 17:41:10.497146 ; 2121
2024-03-28 17:41:10.499381 ; 2108
2024-03-28 17:41:10.501143 ; 2098
2024-03-28 17:41:10.503135 ; 2086
2024-03-28 17:41:10.505169 ; 2078
2024-03-28 17:41:10.507211 ; 2077
2024-03-28 17:41:10.509319 ; 2069
2024-03-28 17:41:10.511238 ; 2070
2024-03-28 17:41:10.513358 ; 2071
2024-03-28 17:41:10.515463 ; 2070
2024-03-28 17:41:10.517387 ; 2069
2024-03-28 17:41:10.519315 ; 2068
2024-03-28 17:41:10.521296 ; 2066
2024-03-28 17:41:10.523606 ; 2062
2024-03-28 17:41:10.525485 ; 2051
2024-03-28 17:41:10.527404 ; 2049
2024-03-28 17:41:10.529392 ; 2040
2024-03-28 17:41:10.531532 ; 2034
2024-03-28 17:41:10.533539 ; 2032
2024-03-28 17:41:10.535406 ; 2025
2024-03-28 17:41:10.537351 ; 2021
2024-03-28 17:41:10.539453 ; 2014
2024-03-28 17:41:10.541504 ; 2000
2024-03-28 17:41:10.543366 ; 1983
2024-03-28 17:41:10.545445 ; 1965
2024-03-28 17:41:10.547514 ; 1949
2024-03-28 17:41:10.549634 ; 1930
2024-03-28 17:41:10.551421 ; 1909
2024-03-28 17:41:10.553401 ; 1895
2024-03-28 17:41:10.555533 ; 1883
2024-03-28 17:41:10.557541 ; 1877
2024-03-28 17:41:10.559537 ; 1865
2024-03-28 17:41:10.561523 ; 1850
2024-03-28 17:41:10.563589 ; 1828
2024-03-28 17:41:10.565593 ; 1808
2024-03-28 17:41:10.567550 ; 1798
2024-03-28 17:41:10.569538 ; 1786
2024-03-28 17:41:10.571575 ; 1763
2024-03-28 17:41:10.573621 ; 1730
2024-03-28 17:41:10.575676 ; 1705
2024-03-28 17:41:10.577661 ; 1678
2024-03-28 17:41:10.579646 ; 1666
2024-03-28 17:41:10.581730 ; 1647
2024-03-28 17:41:10.583760 ; 1635
2024-03-28 17:41:10.585668 ; 1653
2024-03-28 17:41:10.587625 ; 1714
2024-03-28 17:41:10.589878 ; 1808
2024-03-28 17:41:10.591755 ; 1941
2024-03-28 17:41:10.593712 ; 2101
2024-03-28 17:41:10.595710 ; 2270
2024-03-28 17:41:10.597851 ; 2421
2024-03-28 17:41:10.599781 ; 2530
2024-03-28 17:41:10.601670 ; 2613
2024-03-28 17:41:10.603686 ; 2673
2024-03-28 17:41:10.605686 ; 2697
2024-03-28 17:41:10.607896 ; 2670
2024-03-28 17:41:10.609891 ; 2588
2024-03-28 17:41:10.611754 ; 2454
2024-03-28 17:41:10.613772 ; 2249
2024-03-28 17:41:10.615840 ; 1990
2024-03-28 17:41:10.617762 ; 1700
2024-03-28 17:41:10.619783 ; 1419
2024-03-28 17:41:10.621778 ; 1151
2024-03-28 17:41:10.623895 ; 885
2024-03-28 17:41:10.625918 ; 650
2024-03-28 17:41:10.627849 ; 466
2024-03-28 17:41:10.629969 ; 338
2024-03-28 17:41:10.632136 ; 274
2024-03-28 17:41:10.634017 ; 285
2024-03-28 17:41:10.636153 ; 369
2024-03-28 17:41:10.638018 ; 524
2024-03-28 17:41:10.640031 ; 742
2024-03-28 17:41:10.642068 ; 986
2024-03-28 17:41:10.644080 ; 1232
2024-03-28 17:41:10.646009 ; 1443
2024-03-28 17:41:10.648042 ; 1612
2024-03-28 17:41:10.650131 ; 1735
2024-03-28 17:41:10.652013 ; 1832
2024-03-28 17:41:10.653935 ; 1911
2024-03-28 17:41:10.655988 ; 1975
2024-03-28 17:41:10.658087 ; 2023
2024-03-28 17:41:10.660049 ; 2062
2024-03-28 17:41:10.662095 ; 2080
2024-03-28 17:41:10.664309 ; 2102
2024-03-28 17:41:10.666184 ; 2113
2024-03-28 17:41:10.667978 ; 2128
2024-03-28 17:41:10.670029 ; 2160
2024-03-28 17:41:10.672182 ; 2198
2024-03-28 17:41:10.674232 ; 2238
2024-03-28 17:41:10.676278 ; 2262
2024-03-28 17:41:10.678141 ; 2258
2024-03-28 17:41:10.680078 ; 2256
2024-03-28 17:41:10.682230 ; 2241
2024-03-28 17:41:10.684250 ; 2220
2024-03-28 17:41:10.686136 ; 2201
2024-03-28 17:41:10.688163 ; 2179
2024-03-28 17:41:10.690159 ; 2165
2024-03-28 17:41:10.692300 ; 2151
2024-03-28 17:41:10.694200 ; 2139
2024-03-28 17:41:10.696282 ; 2123
2024-03-28 17:41:10.698505 ; 2095
2024-03-28 17:41:10.700478 ; 2081
2024-03-28 17:41:10.702254 ; 2059
2024-03-28 17:41:10.704241 ; 2041
2024-03-28 17:41:10.706271 ; 2022
2024-03-28 17:41:10.708399 ; 2012
2024-03-28 17:41:10.710303 ; 2013
2024-03-28 17:41:10.712318 ; 2022
2024-03-28 17:41:10.714647 ; 2028
2024-03-28 17:41:10.716408 ; 2025
2024-03-28 17:41:10.718352 ; 2023
2024-03-28 17:41:10.720337 ; 2021
2024-03-28 17:41:10.722355 ; 2011
2024-03-28 17:41:10.724676 ; 2001
2024-03-28 17:41:10.726418 ; 1976
2024-03-28 17:41:10.728453 ; 1952
2024-03-28 17:41:10.730472 ; 1948
2024-03-28 17:41:10.732489 ; 1951
2024-03-28 17:41:10.734380 ; 1961
2024-03-28 17:41:10.736343 ; 1968
2024-03-28 17:41:10.738415 ; 1979
2024-03-28 17:41:10.740417 ; 1981
2024-03-28 17:41:10.742592 ; 2000
2024-03-28 17:41:10.744513 ; 2011
2024-03-28 17:41:10.746483 ; 2014
2024-03-28 17:41:10.748779 ; 2019
2024-03-28 17:41:10.750661 ; 2022
2024-03-28 17:41:10.752427 ; 2025
2024-03-28 17:41:10.754456 ; 2041
2024-03-28 17:41:10.756531 ; 2050
2024-03-28 17:41:10.758581 ; 2046
2024-03-28 17:41:10.760547 ; 2033
2024-03-28 17:41:10.762587 ; 2019
2024-03-28 17:41:10.764780 ; 2013
2024-03-28 17:41:10.766551 ; 2018
2024-03-28 17:41:10.768549 ; 2022
2024-03-28 17:41:10.770566 ; 2043
2024-03-28 17:41:10.772608 ; 2059
2024-03-28 17:41:10.774689 ; 2056
2024-03-28 17:41:10.776691 ; 2047
2024-03-28 17:41:10.778688 ; 2035
2024-03-28 17:41:10.780741 ; 2020
2024-03-28 17:41:10.782821 ; 2008
2024-03-28 17:41:10.784757 ; 1999
2024-03-28 17:41:10.786760 ; 2001
2024-03-28 17:41:10.788742 ; 2008
2024-03-28 17:41:10.790868 ; 2014
2024-03-28 17:41:10.792829 ; 2017
2024-03-28 17:41:10.794745 ; 2016
2024-03-28 17:41:10.796848 ; 2007
2024-03-28 17:41:10.798965 ; 1997
2024-03-28 17:41:10.800801 ; 1990
2024-03-28 17:41:10.802763 ; 1986
2024-03-28 17:41:10.804791 ; 1982
2024-03-28 17:41:10.807091 ; 1995
2024-03-28 17:41:10.808950 ; 1996
2024-03-28 17:41:10.810876 ; 1988
2024-03-28 17:41:10.812844 ; 1971
2024-03-28 17:41:10.815129 ; 1965
2024-03-28 17:41:10.816966 ; 1965
2024-03-28 17:41:10.818954 ; 1974
2024-03-28 17:41:10.820888 ; 1973
2024-03-28 17:41:10.822990 ; 1972
2024-03-28 17:41:10.825030 ; 1950
2024-03-28 17:41:10.826948 ; 1938
2024-03-28 17:41:10.829008 ; 1925
2024-03-28 17:41:10.831095 ; 1913
2024-03-28 17:41:10.833087 ; 1895
2024-03-28 17:41:10.834976 ; 1871
2024-03-28 17:41:10.836924 ; 1854
2024-03-28 17:41:10.839032 ; 1844
2024-03-28 17:41:10.841020 ; 1840
2024-03-28 17:41:10.843019 ; 1829
2024-03-28 17:41:10.845007 ; 1822
2024-03-28 17:41:10.847026 ; 1814
2024-03-28 17:41:10.849230 ; 1811
2024-03-28 17:41:10.851051 ; 1818
2024-03-28 17:41:10.853026 ; 1833
2024-03-28 17:41:10.855060 ; 1853
2024-03-28 17:41:10.857146 ; 1880
2024-03-28 17:41:10.859178 ; 1916
2024-03-28 17:41:10.861126 ; 1953
2024-03-28 17:41:10.863233 ; 1977
2024-03-28 17:41:10.865190 ; 2000
2024-03-28 17:41:10.867239 ; 2011
2024-03-28 17:41:10.869161 ; 2020
2024-03-28 17:41:10.871308 ; 2030
2024-03-28 17:41:10.873336 ; 2054
2024-03-28 17:41:10.875262 ; 2073
2024-03-28 17:41:10.877237 ; 2092
2024-03-28 17:41:10.879208 ; 2117
2024-03-28 17:41:10.881412 ; 2148
2024-03-28 17:41:10.883266 ; 2177
2024-03-28 17:41:10.885323 ; 2217
2024-03-28 17:41:10.887304 ; 2240
2024-03-28 17:41:10.889508 ; 2254
2024-03-28 17:41:10.891455 ; 2259
2024-03-28 17:41:10.893293 ; 2266
2024-03-28 17:41:10.895289 ; 2267
2024-03-28 17:41:10.897312 ; 2275
2024-03-28 17:41:10.899396 ; 2286
2024-03-28 17:41:10.901406 ; 2299
2024-03-28 17:41:10.903364 ; 2305
2024-03-28 17:41:10.905410 ; 2311
2024-03-28 17:41:10.907475 ; 2326
2024-03-28 17:41:10.909453 ; 2329
2024-03-28 17:41:10.911400 ; 2341
2024-03-28 17:41:10.913455 ; 2351
2024-03-28 17:41:10.915716 ; 2367
2024-03-28 17:41:10.917580 ; 2377
2024-03-28 17:41:10.919488 ; 2394
2024-03-28 17:41:10.921451 ; 2398
2024-03-28 17:41:10.923727 ; 2396
2024-03-28 17:41:10.925525 ; 2401
2024-03-28 17:41:10.927466 ; 2406
2024-03-28 17:41:10.929520 ; 2412
2024-03-28 17:41:10.931650 ; 2419
2024-03-28 17:41:10.933892 ; 2430
2024-03-28 17:41:10.935583 ; 2446
2024-03-28 17:41:10.937602 ; 2456
2024-03-28 17:41:10.939551 ; 2464
2024-03-28 17:41:10.941545 ; 2467
2024-03-28 17:41:10.943575 ; 2466
2024-03-28 17:41:10.945566 ; 2464
2024-03-28 17:41:10.947616 ; 2466
2024-03-28 17:41:10.949710 ; 2466
2024-03-28 17:41:10.951583 ; 2465
2024-03-28 17:41:10.953573 ; 2457
2024-03-28 17:41:10.955544 ; 2450
2024-03-28 17:41:10.957712 ; 2440
2024-03-28 17:41:10.959771 ; 2432
2024-03-28 17:41:10.961709 ; 2426
2024-03-28 17:41:10.963736 ; 2424
2024-03-28 17:41:10.965778 ; 2438
2024-03-28 17:41:10.967730 ; 2435
2024-03-28 17:41:10.969690 ; 2438
2024-03-28 17:41:10.971766 ; 2440
2024-03-28 17:41:10.973814 ; 2436
2024-03-28 17:41:10.975819 ; 2430
2024-03-28 17:41:10.977752 ; 2427
2024-03-28 17:41:10.979839 ; 2424
2024-03-28 17:41:10.981932 ; 2414
2024-03-28 17:41:10.984025 ; 2401
2024-03-28 17:41:10.985839 ; 2382
2024-03-28 17:41:10.987767 ; 2357
2024-03-28 17:41:10.989950 ; 2331
2024-03-28 17:41:10.991897 ; 2302
2024-03-28 17:41:10.993835 ; 2289
2024-03-28 17:41:10.995863 ; 2281
2024-03-28 17:41:10.998021 ; 2284
2024-03-28 17:41:10.999888 ; 2290
2024-03-28 17:41:11.001887 ; 2302
2024-03-28 17:41:11.003890 ; 2315
2024-03-28 17:41:11.006187 ; 2311
2024-03-28 17:41:11.008067 ; 2307
2024-03-28 17:41:11.009967 ; 2301
2024-03-28 17:41:11.011934 ; 2288
2024-03-28 17:41:11.014011 ; 2275
2024-03-28 17:41:11.016066 ; 2268
2024-03-28 17:41:11.017990 ; 2271
2024-03-28 17:41:11.019897 ; 2273
2024-03-28 17:41:11.022020 ; 2273
2024-03-28 17:41:11.024005 ; 2267
2024-03-28 17:41:11.026021 ; 2259
2024-03-28 17:41:11.028011 ; 2261
2024-03-28 17:41:11.030139 ; 2275
2024-03-28 17:41:11.032230 ; 2287
2024-03-28 17:41:11.034173 ; 2295
2024-03-28 17:41:11.036052 ; 2304
2024-03-28 17:41:11.038064 ; 2308
2024-03-28 17:41:11.040288 ; 2311
2024-03-28 17:41:11.042158 ; 2313
2024-03-28 17:41:11.044126 ; 2314
2024-03-28 17:41:11.046111 ; 2308
2024-03-28 17:41:11.048245 ; 2303
2024-03-28 17:41:11.050289 ; 2300
2024-03-28 17:41:11.052172 ; 2298
2024-03-28 17:41:11.054131 ; 2297
2024-03-28 17:41:11.056167 ; 2287
2024-03-28 17:41:11.058255 ; 2273
2024-03-28 17:41:11.060274 ; 2254
2024-03-28 17:41:11.062211 ; 2227
2024-03-28 17:41:11.064252 ; 2200
2024-03-28 17:41:11.066378 ; 2175
2024-03-28 17:41:11.068219 ; 2153
2024-03-28 17:41:11.070184 ; 2129
2024-03-28 17:41:11.072186 ; 2116
2024-03-28 17:41:11.074360 ; 2106
2024-03-28 17:41:11.076346 ; 2097
2024-03-28 17:41:11.078321 ; 2087
2024-03-28 17:41:11.080306 ; 2095
2024-03-28 17:41:11.082489 ; 2098
2024-03-28 17:41:11.084358 ; 2103
2024-03-28 17:41:11.086273 ; 2101
2024-03-28 17:41:11.088466 ; 2095
2024-03-28 17:41:11.090496 ; 2085
2024-03-28 17:41:11.092479 ; 2080
2024-03-28 17:41:11.094408 ; 2079
2024-03-28 17:41:11.096434 ; 2082
2024-03-28 17:41:11.098457 ; 2085
2024-03-28 17:41:11.100592 ; 2088
2024-03-28 17:41:11.102453 ; 2093
2024-03-28 17:41:11.104406 ; 2100
2024-03-28 17:41:11.106681 ; 2090
2024-03-28 17:41:11.108518 ; 2112
2024-03-28 17:41:11.110497 ; 2118
2024-03-28 17:41:11.112497 ; 2119
2024-03-28 17:41:11.114512 ; 2122
2024-03-28 17:41:11.116519 ; 2122
2024-03-28 17:41:11.118474 ; 2111
2024-03-28 17:41:11.120419 ; 2097
2024-03-28 17:41:11.122556 ; 2079
2024-03-28 17:41:11.124641 ; 2058
2024-03-28 17:41:11.126495 ; 2037
2024-03-28 17:41:11.128554 ; 2016
2024-03-28 17:41:11.130754 ; 2005
2024-03-28 17:41:11.132731 ; 2000
2024-03-28 17:41:11.134595 ; 1993
2024-03-28 17:41:11.136534 ; 1985
2024-03-28 17:41:11.138578 ; 1983
2024-03-28 17:41:11.140748 ; 1991
2024-03-28 17:41:11.142696 ; 1994
2024-03-28 17:41:11.144674 ; 1989
2024-03-28 17:41:11.146718 ; 1979
2024-03-28 17:41:11.148945 ; 1977
2024-03-28 17:41:11.150741 ; 1951
2024-03-28 17:41:11.152660 ; 1951
2024-03-28 17:41:11.155015 ; 1976
2024-03-28 17:41:11.156912 ; 2008
2024-03-28 17:41:11.158801 ; 2048
2024-03-28 17:41:11.160775 ; 2086
2024-03-28 17:41:11.162770 ; 2150
2024-03-28 17:41:11.164866 ; 2226
2024-03-28 17:41:11.166912 ; 2308
2024-03-28 17:41:11.168796 ; 2380
2024-03-28 17:41:11.170697 ; 2432
2024-03-28 17:41:11.172718 ; 2452
2024-03-28 17:41:11.174808 ; 2436
2024-03-28 17:41:11.176843 ; 2376
2024-03-28 17:41:11.178763 ; 2269
2024-03-28 17:41:11.180980 ; 2119
2024-03-28 17:41:11.182850 ; 1913
2024-03-28 17:41:11.184831 ; 1657
2024-03-28 17:41:11.186828 ; 1391
2024-03-28 17:41:11.188853 ; 1136
2024-03-28 17:41:11.190971 ; 909
2024-03-28 17:41:11.192981 ; 698
2024-03-28 17:41:11.194915 ; 520
2024-03-28 17:41:11.196967 ; 389
2024-03-28 17:41:11.199047 ; 301
2024-03-28 17:41:11.200998 ; 288
2024-03-28 17:41:11.202983 ; 350
2024-03-28 17:41:11.204956 ; 470
2024-03-28 17:41:11.207075 ; 629
2024-03-28 17:41:11.209066 ; 830
2024-03-28 17:41:11.211021 ; 1059
2024-03-28 17:41:11.213076 ; 1295
2024-03-28 17:41:11.215117 ; 1500
2024-03-28 17:41:11.217245 ; 1659
2024-03-28 17:41:11.219213 ; 1786
2024-03-28 17:41:11.221276 ; 1893
2024-03-28 17:41:11.223167 ; 1981
2024-03-28 17:41:11.225153 ; 2063
2024-03-28 17:41:11.227097 ; 2145
2024-03-28 17:41:11.229103 ; 2226
2024-03-28 17:41:11.231327 ; 2276
2024-03-28 17:41:11.233153 ; 2321
2024-03-28 17:41:11.235122 ; 2354
2024-03-28 17:41:11.237123 ; 2378
2024-03-28 17:41:11.239249 ; 2381
2024-03-28 17:41:11.241354 ; 2363
2024-03-28 17:41:11.243185 ; 2344
2024-03-28 17:41:11.245196 ; 2318
2024-03-28 17:41:11.247233 ; 2298
2024-03-28 17:41:11.249445 ; 2294
2024-03-28 17:41:11.251182 ; 2292
2024-03-28 17:41:11.253173 ; 2305
2024-03-28 17:41:11.255180 ; 2312
2024-03-28 17:41:11.257295 ; 2323
2024-03-28 17:41:11.259329 ; 2316
2024-03-28 17:41:11.261274 ; 2316
2024-03-28 17:41:11.263354 ; 2318
2024-03-28 17:41:11.265423 ; 2319
2024-03-28 17:41:11.267370 ; 2313
2024-03-28 17:41:11.269221 ; 2301
2024-03-28 17:41:11.271371 ; 2286
2024-03-28 17:41:11.273333 ; 2280
2024-03-28 17:41:11.275416 ; 2282
2024-03-28 17:41:11.277458 ; 2294
2024-03-28 17:41:11.279390 ; 2306
2024-03-28 17:41:11.281539 ; 2323
2024-03-28 17:41:11.283420 ; 2334
2024-03-28 17:41:11.285357 ; 2333
2024-03-28 17:41:11.287337 ; 2328
2024-03-28 17:41:11.289318 ; 2313
2024-03-28 17:41:11.291533 ; 2301
2024-03-28 17:41:11.293468 ; 2291
2024-03-28 17:41:11.295458 ; 2275
2024-03-28 17:41:11.297443 ; 2283
2024-03-28 17:41:11.299591 ; 2283
2024-03-28 17:41:11.301439 ; 2285
2024-03-28 17:41:11.303468 ; 2279
2024-03-28 17:41:11.305403 ; 2283
2024-03-28 17:41:11.307505 ; 2279
2024-03-28 17:41:11.309584 ; 2276
2024-03-28 17:41:11.311536 ; 2270
2024-03-28 17:41:11.313600 ; 2262
2024-03-28 17:41:11.315821 ; 2252
2024-03-28 17:41:11.317608 ; 2242
2024-03-28 17:41:11.319555 ; 2237
2024-03-28 17:41:11.321657 ; 2231
2024-03-28 17:41:11.323754 ; 2221
2024-03-28 17:41:11.325681 ; 2207
2024-03-28 17:41:11.327690 ; 2203
2024-03-28 17:41:11.329727 ; 2202
2024-03-28 17:41:11.331693 ; 2197
2024-03-28 17:41:11.333794 ; 2200
2024-03-28 17:41:11.335699 ; 2198
2024-03-28 17:41:11.337624 ; 2199
2024-03-28 17:41:11.339660 ; 2191
2024-03-28 17:41:11.341745 ; 2190
2024-03-28 17:41:11.343700 ; 2197
2024-03-28 17:41:11.345709 ; 2198
2024-03-28 17:41:11.347903 ; 2197
2024-03-28 17:41:11.349776 ; 2197
2024-03-28 17:41:11.351723 ; 2184
2024-03-28 17:41:11.353713 ; 2165
2024-03-28 17:41:11.355797 ; 2126
2024-03-28 17:41:11.357828 ; 2085
2024-03-28 17:41:11.359838 ; 2030
2024-03-28 17:41:11.361802 ; 1986
2024-03-28 17:41:11.363818 ; 1944
2024-03-28 17:41:11.365965 ; 1911
2024-03-28 17:41:11.367810 ; 1895
2024-03-28 17:41:11.369769 ; 1876
2024-03-28 17:41:11.371742 ; 1867
2024-03-28 17:41:11.373911 ; 1872
2024-03-28 17:41:11.375944 ; 1889
2024-03-28 17:41:11.377915 ; 1913
2024-03-28 17:41:11.379993 ; 1949
2024-03-28 17:41:11.381958 ; 1972
2024-03-28 17:41:11.384058 ; 1986
2024-03-28 17:41:11.385831 ; 1980
2024-03-28 17:41:11.388006 ; 1964
2024-03-28 17:41:11.389877 ; 1936
2024-03-28 17:41:11.392035 ; 1908
2024-03-28 17:41:11.393960 ; 1880
2024-03-28 17:41:11.395992 ; 1861
2024-03-28 17:41:11.398203 ; 1849
2024-03-28 17:41:11.400034 ; 1845
2024-03-28 17:41:11.401971 ; 1843
2024-03-28 17:41:11.403970 ; 1854
2024-03-28 17:41:11.405987 ; 1859
2024-03-28 17:41:11.408156 ; 1863
2024-03-28 17:41:11.410053 ; 1857
2024-03-28 17:41:11.412066 ; 1845
2024-03-28 17:41:11.414071 ; 1833
2024-03-28 17:41:11.416236 ; 1808
2024-03-28 17:41:11.418106 ; 1789
2024-03-28 17:41:11.420137 ; 1769
2024-03-28 17:41:11.422411 ; 1753
2024-03-28 17:41:11.424188 ; 1751
2024-03-28 17:41:11.426210 ; 1761
2024-03-28 17:41:11.428170 ; 1771
2024-03-28 17:41:11.430293 ; 1788
2024-03-28 17:41:11.432401 ; 1813
2024-03-28 17:41:11.434322 ; 1835
2024-03-28 17:41:11.436420 ; 1856
2024-03-28 17:41:11.438441 ; 1871
2024-03-28 17:41:11.440380 ; 1875
2024-03-28 17:41:11.442310 ; 1880
2024-03-28 17:41:11.444245 ; 1884
2024-03-28 17:41:11.446269 ; 1894
2024-03-28 17:41:11.448460 ; 1904
2024-03-28 17:41:11.450267 ; 1912
2024-03-28 17:41:11.452293 ; 1917
2024-03-28 17:41:11.454310 ; 1918
2024-03-28 17:41:11.456309 ; 1919
2024-03-28 17:41:11.458429 ; 1917
2024-03-28 17:41:11.460330 ; 1926
2024-03-28 17:41:11.462361 ; 1935
2024-03-28 17:41:11.464536 ; 1953
2024-03-28 17:41:11.466563 ; 1985
2024-03-28 17:41:11.468469 ; 2016
2024-03-28 17:41:11.470428 ; 2044
2024-03-28 17:41:11.472692 ; 2055
2024-03-28 17:41:11.474470 ; 2058
2024-03-28 17:41:11.476455 ; 2060
2024-03-28 17:41:11.478424 ; 2079
2024-03-28 17:41:11.480551 ; 2099
2024-03-28 17:41:11.482496 ; 2109
2024-03-28 17:41:11.484504 ; 2130
2024-03-28 17:41:11.486453 ; 2152
2024-03-28 17:41:11.488514 ; 2163
2024-03-28 17:41:11.490501 ; 2174
2024-03-28 17:41:11.492565 ; 2172
2024-03-28 17:41:11.494542 ; 2174
2024-03-28 17:41:11.496640 ; 2169
2024-03-28 17:41:11.498634 ; 2153
2024-03-28 17:41:11.500676 ; 2150
2024-03-28 17:41:11.502605 ; 2132
2024-03-28 17:41:11.504631 ; 2107
2024-03-28 17:41:11.506924 ; 2079
2024-03-28 17:41:11.508671 ; 2053
2024-03-28 17:41:11.510594 ; 2022
2024-03-28 17:41:11.512641 ; 1989
2024-03-28 17:41:11.514833 ; 1965
2024-03-28 17:41:11.516695 ; 1945
2024-03-28 17:41:11.518663 ; 1940
2024-03-28 17:41:11.520693 ; 1929
2024-03-28 17:41:11.522682 ; 1928
2024-03-28 17:41:11.524826 ; 1938
2024-03-28 17:41:11.526672 ; 1943
2024-03-28 17:41:11.528702 ; 1962
2024-03-28 17:41:11.530709 ; 1982
2024-03-28 17:41:11.532857 ; 2012
2024-03-28 17:41:11.534737 ; 2054
2024-03-28 17:41:11.536741 ; 2101
2024-03-28 17:41:11.539023 ; 2158
2024-03-28 17:41:11.540817 ; 2198
2024-03-28 17:41:11.542846 ; 2217
2024-03-28 17:41:11.544748 ; 2218
2024-03-28 17:41:11.546872 ; 2212
2024-03-28 17:41:11.548942 ; 2198
2024-03-28 17:41:11.550840 ; 2192
2024-03-28 17:41:11.552750 ; 2199
2024-03-28 17:41:11.554879 ; 2211
2024-03-28 17:41:11.556812 ; 2200
2024-03-28 17:41:11.558955 ; 2190
2024-03-28 17:41:11.560862 ; 2187
2024-03-28 17:41:11.562906 ; 2190
2024-03-28 17:41:11.564880 ; 2200
2024-03-28 17:41:11.566907 ; 2202
2024-03-28 17:41:11.568882 ; 2193
2024-03-28 17:41:11.570904 ; 2176
2024-03-28 17:41:11.572841 ; 2154
2024-03-28 17:41:11.575033 ; 2143
2024-03-28 17:41:11.576917 ; 2141
2024-03-28 17:41:11.578988 ; 2135
2024-03-28 17:41:11.581024 ; 2132
2024-03-28 17:41:11.583141 ; 2131
2024-03-28 17:41:11.584946 ; 2125
2024-03-28 17:41:11.586924 ; 2108
2024-03-28 17:41:11.589122 ; 2101
2024-03-28 17:41:11.591069 ; 2107
2024-03-28 17:41:11.593126 ; 2100
2024-03-28 17:41:11.595062 ; 2094
2024-03-28 17:41:11.597087 ; 2082
2024-03-28 17:41:11.599168 ; 2068
2024-03-28 17:41:11.601237 ; 2051
2024-03-28 17:41:11.603053 ; 2041
2024-03-28 17:41:11.605037 ; 2035
2024-03-28 17:41:11.607145 ; 2030
2024-03-28 17:41:11.609201 ; 2039
2024-03-28 17:41:11.611172 ; 2058
2024-03-28 17:41:11.613273 ; 2064
2024-03-28 17:41:11.615193 ; 2072
2024-03-28 17:41:11.617305 ; 2070
2024-03-28 17:41:11.619132 ; 2060
2024-03-28 17:41:11.621105 ; 2061
2024-03-28 17:41:11.623177 ; 2062
2024-03-28 17:41:11.625300 ; 2072
2024-03-28 17:41:11.627225 ; 2062
2024-03-28 17:41:11.629221 ; 2059
2024-03-28 17:41:11.631433 ; 2050
2024-03-28 17:41:11.633391 ; 2043
2024-03-28 17:41:11.635235 ; 2038
2024-03-28 17:41:11.637207 ; 2036
2024-03-28 17:41:11.639283 ; 2033
2024-03-28 17:41:11.641485 ; 2030
2024-03-28 17:41:11.643311 ; 2040
2024-03-28 17:41:11.645333 ; 2049
2024-03-28 17:41:11.647278 ; 2074
2024-03-28 17:41:11.649406 ; 2094
2024-03-28 17:41:11.651295 ; 2102
2024-03-28 17:41:11.653359 ; 2118
2024-03-28 17:41:11.655480 ; 2126
2024-03-28 17:41:11.657564 ; 2133
2024-03-28 17:41:11.659533 ; 2142
2024-03-28 17:41:11.661464 ; 2150
2024-03-28 17:41:11.663427 ; 2158
2024-03-28 17:41:11.665609 ; 2170
2024-03-28 17:41:11.667656 ; 2187
2024-03-28 17:41:11.669482 ; 2205
2024-03-28 17:41:11.671481 ; 2218
2024-03-28 17:41:11.673535 ; 2219
2024-03-28 17:41:11.675527 ; 2215
2024-03-28 17:41:11.677545 ; 2198
2024-03-28 17:41:11.679543 ; 2191
2024-03-28 17:41:11.681563 ; 2187
2024-03-28 17:41:11.683533 ; 2185
2024-03-28 17:41:11.685509 ; 2188
2024-03-28 17:41:11.687509 ; 2190
2024-03-28 17:41:11.689571 ; 2193
2024-03-28 17:41:11.691703 ; 2197
2024-03-28 17:41:11.693592 ; 2194
2024-03-28 17:41:11.695581 ; 2195
2024-03-28 17:41:11.697791 ; 2190
2024-03-28 17:41:11.699693 ; 2187
2024-03-28 17:41:11.701572 ; 2180
2024-03-28 17:41:11.703525 ; 2166
2024-03-28 17:41:11.705660 ; 2160
2024-03-28 17:41:11.707747 ; 2156
2024-03-28 17:41:11.709719 ; 2148
2024-03-28 17:41:11.711641 ; 2145
2024-03-28 17:41:11.713717 ; 2160
2024-03-28 17:41:11.715790 ; 2202
2024-03-28 17:41:11.717663 ; 2260
2024-03-28 17:41:11.719696 ; 2330
2024-03-28 17:41:11.721667 ; 2405
2024-03-28 17:41:11.723760 ; 2480
2024-03-28 17:41:11.725823 ; 2540
2024-03-28 17:41:11.727761 ; 2570
2024-03-28 17:41:11.729834 ; 2563
2024-03-28 17:41:11.731855 ; 2502
2024-03-28 17:41:11.733990 ; 2391
2024-03-28 17:41:11.735771 ; 2227
2024-03-28 17:41:11.738087 ; 2009
2024-03-28 17:41:11.739960 ; 1748
2024-03-28 17:41:11.741988 ; 1489
2024-03-28 17:41:11.743863 ; 1230
2024-03-28 17:41:11.745865 ; 997
2024-03-28 17:41:11.747867 ; 791
2024-03-28 17:41:11.749955 ; 611
2024-03-28 17:41:11.751962 ; 491
2024-03-28 17:41:11.753864 ; 438
2024-03-28 17:41:11.755967 ; 475
2024-03-28 17:41:11.758115 ; 605
2024-03-28 17:41:11.759978 ; 811
2024-03-28 17:41:11.761975 ; 1068
2024-03-28 17:41:11.763951 ; 1370
2024-03-28 17:41:11.766181 ; 1652
2024-03-28 17:41:11.767994 ; 1889
2024-03-28 17:41:11.770261 ; 2058
2024-03-28 17:41:11.772134 ; 2179
2024-03-28 17:41:11.774157 ; 2266
2024-03-28 17:41:11.776168 ; 2335
2024-03-28 17:41:11.778065 ; 2366
2024-03-28 17:41:11.780064 ; 2392
2024-03-28 17:41:11.782178 ; 2406
2024-03-28 17:41:11.784286 ; 2416
2024-03-28 17:41:11.786038 ; 2429
2024-03-28 17:41:11.788030 ; 2438
2024-03-28 17:41:11.790344 ; 2452
2024-03-28 17:41:11.792190 ; 2464
2024-03-28 17:41:11.794130 ; 2468
2024-03-28 17:41:11.796162 ; 2477
2024-03-28 17:41:11.798323 ; 2470
2024-03-28 17:41:11.800405 ; 2456
2024-03-28 17:41:11.802204 ; 2435
2024-03-28 17:41:11.804219 ; 2413
2024-03-28 17:41:11.806422 ; 2404
2024-03-28 17:41:11.808268 ; 2392
2024-03-28 17:41:11.810223 ; 2389
2024-03-28 17:41:11.812248 ; 2393
2024-03-28 17:41:11.814483 ; 2396
2024-03-28 17:41:11.816302 ; 2400
2024-03-28 17:41:11.818190 ; 2410
2024-03-28 17:41:11.820205 ; 2415
2024-03-28 17:41:11.822314 ; 2416
2024-03-28 17:41:11.824343 ; 2420
2024-03-28 17:41:11.826368 ; 2421
2024-03-28 17:41:11.828310 ; 2421
2024-03-28 17:41:11.830368 ; 2413
2024-03-28 17:41:11.832440 ; 2399
2024-03-28 17:41:11.834311 ; 2390
2024-03-28 17:41:11.836295 ; 2379
2024-03-28 17:41:11.838339 ; 2368
2024-03-28 17:41:11.840518 ; 2372
2024-03-28 17:41:11.842501 ; 2378
2024-03-28 17:41:11.844445 ; 2394
2024-03-28 17:41:11.846501 ; 2404
