2024-04-25 15:47:08.358872 ; 2282
2024-04-25 15:47:08.360705 ; 2293
2024-04-25 15:47:08.362683 ; 2297
2024-04-25 15:47:08.364841 ; 2303
2024-04-25 15:47:08.366913 ; 2310
2024-04-25 15:47:08.368918 ; 2306
2024-04-25 15:47:08.370840 ; 2292
2024-04-25 15:47:08.373124 ; 2285
2024-04-25 15:47:08.374888 ; 2266
2024-04-25 15:47:08.377158 ; 2254
2024-04-25 15:47:08.379122 ; 2237
2024-04-25 15:47:08.381123 ; 2231
2024-04-25 15:47:08.383092 ; 2230
2024-04-25 15:47:08.384954 ; 2224
2024-04-25 15:47:08.386932 ; 2220
2024-04-25 15:47:08.388915 ; 2219
2024-04-25 15:47:08.391204 ; 2215
2024-04-25 15:47:08.392995 ; 2211
2024-04-25 15:47:08.394926 ; 2220
2024-04-25 15:47:08.396959 ; 2213
2024-04-25 15:47:08.398913 ; 2220
2024-04-25 15:47:08.401045 ; 2223
2024-04-25 15:47:08.402981 ; 2227
2024-04-25 15:47:08.405265 ; 2233
2024-04-25 15:47:08.407148 ; 2233
2024-04-25 15:47:08.409025 ; 2233
2024-04-25 15:47:08.410997 ; 2240
2024-04-25 15:47:08.413065 ; 2245
2024-04-25 15:47:08.415358 ; 2255
2024-04-25 15:47:08.417130 ; 2253
2024-04-25 15:47:08.419098 ; 2252
2024-04-25 15:47:08.421049 ; 2252
2024-04-25 15:47:08.423299 ; 2250
2024-04-25 15:47:08.425155 ; 2249
2024-04-25 15:47:08.427142 ; 2242
2024-04-25 15:47:08.429153 ; 2242
2024-04-25 15:47:08.431222 ; 2244
2024-04-25 15:47:08.433203 ; 2241
2024-04-25 15:47:08.435190 ; 2235
2024-04-25 15:47:08.437229 ; 2234
2024-04-25 15:47:08.439209 ; 2237
2024-04-25 15:47:08.441288 ; 2229
2024-04-25 15:47:08.443229 ; 2230
2024-04-25 15:47:08.445208 ; 2235
2024-04-25 15:47:08.447250 ; 2237
2024-04-25 15:47:08.449352 ; 2241
2024-04-25 15:47:08.451306 ; 2236
2024-04-25 15:47:08.453242 ; 2227
2024-04-25 15:47:08.455567 ; 2214
2024-04-25 15:47:08.457393 ; 2207
2024-04-25 15:47:08.459256 ; 2188
2024-04-25 15:47:08.461289 ; 2163
2024-04-25 15:47:08.463266 ; 2124
2024-04-25 15:47:08.465482 ; 2087
2024-04-25 15:47:08.467423 ; 2044
2024-04-25 15:47:08.469365 ; 2005
2024-04-25 15:47:08.471605 ; 1981
2024-04-25 15:47:08.473550 ; 1976
2024-04-25 15:47:08.475408 ; 1976
2024-04-25 15:47:08.477395 ; 1970
2024-04-25 15:47:08.479403 ; 1975
2024-04-25 15:47:08.481419 ; 1957
2024-04-25 15:47:08.483518 ; 1913
2024-04-25 15:47:08.485474 ; 1836
2024-04-25 15:47:08.487527 ; 1723
2024-04-25 15:47:08.489552 ; 1549
2024-04-25 15:47:08.491557 ; 1321
2024-04-25 15:47:08.493486 ; 1040
2024-04-25 15:47:08.495442 ; 722
2024-04-25 15:47:08.497507 ; 386
2024-04-25 15:47:08.499716 ; 62
2024-04-25 15:47:08.501586 ; 17
2024-04-25 15:47:08.503614 ; 16
2024-04-25 15:47:08.505686 ; 17
2024-04-25 15:47:08.507785 ; 19
2024-04-25 15:47:08.509654 ; 29
2024-04-25 15:47:08.511618 ; 14
2024-04-25 15:47:08.513649 ; 17
2024-04-25 15:47:08.515673 ; 15
2024-04-25 15:47:08.517698 ; 15
2024-04-25 15:47:08.519670 ; 15
2024-04-25 15:47:08.521794 ; 12
2024-04-25 15:47:08.523785 ; 149
2024-04-25 15:47:08.525671 ; 563
2024-04-25 15:47:08.527675 ; 988
2024-04-25 15:47:08.529628 ; 1367
2024-04-25 15:47:08.531623 ; 1668
2024-04-25 15:47:08.533798 ; 1889
2024-04-25 15:47:08.535781 ; 2043
2024-04-25 15:47:08.537730 ; 2148
2024-04-25 15:47:08.539949 ; 2209
2024-04-25 15:47:08.541884 ; 2253
2024-04-25 15:47:08.543838 ; 2286
2024-04-25 15:47:08.545851 ; 2318
2024-04-25 15:47:08.547902 ; 2346
2024-04-25 15:47:08.549946 ; 2370
2024-04-25 15:47:08.551849 ; 2384
2024-04-25 15:47:08.553921 ; 2393
2024-04-25 15:47:08.555934 ; 2389
2024-04-25 15:47:08.557960 ; 2390
2024-04-25 15:47:08.559824 ; 2396
2024-04-25 15:47:08.561824 ; 2405
2024-04-25 15:47:08.563889 ; 2413
2024-04-25 15:47:08.566042 ; 2421
2024-04-25 15:47:08.567992 ; 2415
2024-04-25 15:47:08.569943 ; 2412
2024-04-25 15:47:08.572184 ; 2395
2024-04-25 15:47:08.573995 ; 2376
2024-04-25 15:47:08.575977 ; 2366
2024-04-25 15:47:08.577898 ; 2360
2024-04-25 15:47:08.579924 ; 2346
2024-04-25 15:47:08.582073 ; 2336
2024-04-25 15:47:08.584028 ; 2330
2024-04-25 15:47:08.585978 ; 2318
2024-04-25 15:47:08.588225 ; 2317
2024-04-25 15:47:08.590200 ; 2317
2024-04-25 15:47:08.592037 ; 2309
2024-04-25 15:47:08.594041 ; 2309
2024-04-25 15:47:08.596004 ; 2311
2024-04-25 15:47:08.598260 ; 2307
2024-04-25 15:47:08.600324 ; 2297
2024-04-25 15:47:08.602180 ; 2286
2024-04-25 15:47:08.604157 ; 2270
2024-04-25 15:47:08.606312 ; 2248
2024-04-25 15:47:08.608275 ; 2232
2024-04-25 15:47:08.610264 ; 2210
2024-04-25 15:47:08.612415 ; 2182
2024-04-25 15:47:08.614426 ; 2159
2024-04-25 15:47:08.616396 ; 2141
2024-04-25 15:47:08.618247 ; 2124
2024-04-25 15:47:08.620218 ; 2108
2024-04-25 15:47:08.622414 ; 2091
2024-04-25 15:47:08.624519 ; 2063
2024-04-25 15:47:08.626340 ; 2059
2024-04-25 15:47:08.628494 ; 2049
2024-04-25 15:47:08.630464 ; 2033
2024-04-25 15:47:08.632473 ; 2022
2024-04-25 15:47:08.634393 ; 2011
2024-04-25 15:47:08.636300 ; 2008
2024-04-25 15:47:08.638498 ; 1991
2024-04-25 15:47:08.640378 ; 1976
2024-04-25 15:47:08.642358 ; 1965
2024-04-25 15:47:08.644372 ; 1954
2024-04-25 15:47:08.646365 ; 1947
2024-04-25 15:47:08.648388 ; 1938
2024-04-25 15:47:08.650478 ; 1924
2024-04-25 15:47:08.652443 ; 1914
2024-04-25 15:47:08.654472 ; 1903
2024-04-25 15:47:08.656517 ; 1893
2024-04-25 15:47:08.658526 ; 1881
2024-04-25 15:47:08.660501 ; 1865
2024-04-25 15:47:08.662471 ; 1847
2024-04-25 15:47:08.664522 ; 1825
2024-04-25 15:47:08.666502 ; 1803
2024-04-25 15:47:08.668500 ; 1778
2024-04-25 15:47:08.670538 ; 1758
2024-04-25 15:47:08.672589 ; 1735
2024-04-25 15:47:08.674607 ; 1713
2024-04-25 15:47:08.676492 ; 1686
2024-04-25 15:47:08.678478 ; 1658
2024-04-25 15:47:08.680484 ; 1633
2024-04-25 15:47:08.682585 ; 1613
2024-04-25 15:47:08.684647 ; 1594
2024-04-25 15:47:08.686615 ; 1578
2024-04-25 15:47:08.688839 ; 1564
2024-04-25 15:47:08.690706 ; 1541
2024-04-25 15:47:08.692551 ; 1525
2024-04-25 15:47:08.694573 ; 1512
2024-04-25 15:47:08.696685 ; 1497
2024-04-25 15:47:08.698654 ; 1483
2024-04-25 15:47:08.700742 ; 1454
2024-04-25 15:47:08.702714 ; 1428
2024-04-25 15:47:08.704797 ; 1408
2024-04-25 15:47:08.706749 ; 1389
2024-04-25 15:47:08.708746 ; 1370
2024-04-25 15:47:08.710758 ; 1354
2024-04-25 15:47:08.712963 ; 1337
2024-04-25 15:47:08.714957 ; 1329
2024-04-25 15:47:08.716929 ; 1323
2024-04-25 15:47:08.718848 ; 1338
2024-04-25 15:47:08.720872 ; 1336
2024-04-25 15:47:08.723081 ; 1341
2024-04-25 15:47:08.724843 ; 1354
2024-04-25 15:47:08.726800 ; 1365
2024-04-25 15:47:08.728783 ; 1378
2024-04-25 15:47:08.730758 ; 1397
2024-04-25 15:47:08.733048 ; 1419
2024-04-25 15:47:08.734918 ; 1448
2024-04-25 15:47:08.736918 ; 1480
2024-04-25 15:47:08.739138 ; 1517
2024-04-25 15:47:08.741051 ; 1561
2024-04-25 15:47:08.742846 ; 1600
2024-04-25 15:47:08.744887 ; 1644
2024-04-25 15:47:08.746870 ; 1685
2024-04-25 15:47:08.748946 ; 1734
2024-04-25 15:47:08.751037 ; 1783
2024-04-25 15:47:08.752951 ; 1824
2024-04-25 15:47:08.755189 ; 1863
2024-04-25 15:47:08.757087 ; 1906
2024-04-25 15:47:08.758969 ; 1948
2024-04-25 15:47:08.760971 ; 1988
2024-04-25 15:47:08.762943 ; 2033
2024-04-25 15:47:08.764965 ; 2068
2024-04-25 15:47:08.767105 ; 2107
2024-04-25 15:47:08.769070 ; 2140
2024-04-25 15:47:08.771150 ; 2165
2024-04-25 15:47:08.773274 ; 2189
2024-04-25 15:47:08.775042 ; 2210
2024-04-25 15:47:08.777049 ; 2226
2024-04-25 15:47:08.779060 ; 2242
2024-04-25 15:47:08.781089 ; 2266
2024-04-25 15:47:08.783238 ; 2288
2024-04-25 15:47:08.785182 ; 2304
2024-04-25 15:47:08.787244 ; 2313
2024-04-25 15:47:08.789298 ; 2321
2024-04-25 15:47:08.791279 ; 2330
2024-04-25 15:47:08.793291 ; 2344
2024-04-25 15:47:08.795453 ; 2348
2024-04-25 15:47:08.797424 ; 2362
2024-04-25 15:47:08.799335 ; 2353
2024-04-25 15:47:08.801311 ; 2355
2024-04-25 15:47:08.803361 ; 2346
2024-04-25 15:47:08.805391 ; 2339
2024-04-25 15:47:08.807423 ; 2330
2024-04-25 15:47:08.809256 ; 2330
2024-04-25 15:47:08.811232 ; 2326
2024-04-25 15:47:08.813273 ; 2327
2024-04-25 15:47:08.815462 ; 2329
2024-04-25 15:47:08.817363 ; 2327
2024-04-25 15:47:08.819368 ; 2329
2024-04-25 15:47:08.821433 ; 2330
2024-04-25 15:47:08.823350 ; 2325
2024-04-25 15:47:08.825398 ; 2323
2024-04-25 15:47:08.827444 ; 2325
2024-04-25 15:47:08.829530 ; 2335
2024-04-25 15:47:08.831524 ; 2351
2024-04-25 15:47:08.833514 ; 2361
2024-04-25 15:47:08.835455 ; 2373
2024-04-25 15:47:08.837485 ; 2379
2024-04-25 15:47:08.839691 ; 2380
2024-04-25 15:47:08.841512 ; 2379
2024-04-25 15:47:08.843420 ; 2372
2024-04-25 15:47:08.845459 ; 2368
2024-04-25 15:47:08.847525 ; 2369
2024-04-25 15:47:08.849729 ; 2370
2024-04-25 15:47:08.851611 ; 2369
2024-04-25 15:47:08.853588 ; 2365
2024-04-25 15:47:08.855830 ; 2362
2024-04-25 15:47:08.857770 ; 2363
2024-04-25 15:47:08.859585 ; 2360
2024-04-25 15:47:08.861534 ; 2360
2024-04-25 15:47:08.863529 ; 2363
2024-04-25 15:47:08.865746 ; 2364
2024-04-25 15:47:08.867685 ; 2369
2024-04-25 15:47:08.869661 ; 2370
2024-04-25 15:47:08.871827 ; 2376
2024-04-25 15:47:08.873856 ; 2385
2024-04-25 15:47:08.875673 ; 2384
2024-04-25 15:47:08.877753 ; 2390
2024-04-25 15:47:08.879701 ; 2392
2024-04-25 15:47:08.881708 ; 2387
2024-04-25 15:47:08.883789 ; 2382
2024-04-25 15:47:08.885748 ; 2380
2024-04-25 15:47:08.887740 ; 2379
2024-04-25 15:47:08.889993 ; 2383
2024-04-25 15:47:08.891870 ; 2386
2024-04-25 15:47:08.893906 ; 2393
2024-04-25 15:47:08.896058 ; 2403
2024-04-25 15:47:08.898042 ; 2413
2024-04-25 15:47:08.899921 ; 2421
2024-04-25 15:47:08.901826 ; 2427
2024-04-25 15:47:08.903838 ; 2435
2024-04-25 15:47:08.906056 ; 2453
2024-04-25 15:47:08.907928 ; 2465
2024-04-25 15:47:08.909852 ; 2469
2024-04-25 15:47:08.911857 ; 2477
2024-04-25 15:47:08.914162 ; 2481
2024-04-25 15:47:08.915989 ; 2476
2024-04-25 15:47:08.918012 ; 2476
2024-04-25 15:47:08.919963 ; 2478
2024-04-25 15:47:08.922002 ; 2472
2024-04-25 15:47:08.924007 ; 2469
2024-04-25 15:47:08.925968 ; 2468
2024-04-25 15:47:08.927959 ; 2458
2024-04-25 15:47:08.929962 ; 2456
2024-04-25 15:47:08.932155 ; 2451
2024-04-25 15:47:08.934063 ; 2451
2024-04-25 15:47:08.936035 ; 2444
2024-04-25 15:47:08.938101 ; 2438
2024-04-25 15:47:08.940029 ; 2436
2024-04-25 15:47:08.942076 ; 2423
2024-04-25 15:47:08.944061 ; 2414
2024-04-25 15:47:08.946124 ; 2415
2024-04-25 15:47:08.948190 ; 2417
2024-04-25 15:47:08.950173 ; 2423
2024-04-25 15:47:08.952106 ; 2430
2024-04-25 15:47:08.954201 ; 2435
2024-04-25 15:47:08.956261 ; 2439
2024-04-25 15:47:08.958263 ; 2446
2024-04-25 15:47:08.960091 ; 2455
2024-04-25 15:47:08.962384 ; 2457
2024-04-25 15:47:08.964361 ; 2467
2024-04-25 15:47:08.966393 ; 2470
2024-04-25 15:47:08.968243 ; 2475
2024-04-25 15:47:08.970216 ; 2482
2024-04-25 15:47:08.972422 ; 2486
2024-04-25 15:47:08.974490 ; 2492
2024-04-25 15:47:08.976281 ; 2488
2024-04-25 15:47:08.978328 ; 2488
2024-04-25 15:47:08.980376 ; 2489
2024-04-25 15:47:08.982315 ; 2477
2024-04-25 15:47:08.984367 ; 2485
2024-04-25 15:47:08.986264 ; 2489
2024-04-25 15:47:08.988512 ; 2489
2024-04-25 15:47:08.990529 ; 2492
2024-04-25 15:47:08.992320 ; 2488
2024-04-25 15:47:08.994394 ; 2482
2024-04-25 15:47:08.996579 ; 2477
2024-04-25 15:47:08.998603 ; 2475
2024-04-25 15:47:09.000508 ; 2474
2024-04-25 15:47:09.002421 ; 2470
2024-04-25 15:47:09.004476 ; 2467
2024-04-25 15:47:09.006722 ; 2468
2024-04-25 15:47:09.008455 ; 2457
2024-04-25 15:47:09.010530 ; 2451
2024-04-25 15:47:09.012461 ; 2436
2024-04-25 15:47:09.014680 ; 2419
2024-04-25 15:47:09.016676 ; 2402
2024-04-25 15:47:09.018494 ; 2394
2024-04-25 15:47:09.020546 ; 2348
2024-04-25 15:47:09.022557 ; 2312
2024-04-25 15:47:09.024597 ; 2267
2024-04-25 15:47:09.026559 ; 2236
2024-04-25 15:47:09.028757 ; 2201
2024-04-25 15:47:09.030732 ; 2177
2024-04-25 15:47:09.032712 ; 2167
2024-04-25 15:47:09.034634 ; 2166
2024-04-25 15:47:09.036570 ; 2156
2024-04-25 15:47:09.038793 ; 2122
2024-04-25 15:47:09.040638 ; 2055
2024-04-25 15:47:09.042616 ; 1953
2024-04-25 15:47:09.044561 ; 1808
2024-04-25 15:47:09.046571 ; 1603
2024-04-25 15:47:09.048706 ; 1357
2024-04-25 15:47:09.050705 ; 1078
2024-04-25 15:47:09.052702 ; 773
2024-04-25 15:47:09.054822 ; 473
2024-04-25 15:47:09.056820 ; 177
2024-04-25 15:47:09.058688 ; 18
2024-04-25 15:47:09.060724 ; 18
2024-04-25 15:47:09.062732 ; 13
2024-04-25 15:47:09.064753 ; 13
2024-04-25 15:47:09.066827 ; 19
2024-04-25 15:47:09.068858 ; 14
2024-04-25 15:47:09.070863 ; 15
2024-04-25 15:47:09.073119 ; 16
2024-04-25 15:47:09.074919 ; 16
2024-04-25 15:47:09.076885 ; 154
2024-04-25 15:47:09.078851 ; 613
2024-04-25 15:47:09.080884 ; 1124
2024-04-25 15:47:09.082969 ; 1565
2024-04-25 15:47:09.084924 ; 1907
2024-04-25 15:47:09.086915 ; 2154
2024-04-25 15:47:09.089053 ; 2324
2024-04-25 15:47:09.091151 ; 2422
2024-04-25 15:47:09.092910 ; 2479
2024-04-25 15:47:09.094947 ; 2511
2024-04-25 15:47:09.096931 ; 2513
2024-04-25 15:47:09.098996 ; 2517
2024-04-25 15:47:09.101070 ; 2506
2024-04-25 15:47:09.102989 ; 2501
2024-04-25 15:47:09.105096 ; 2496
2024-04-25 15:47:09.106933 ; 2503
2024-04-25 15:47:09.109046 ; 2513
2024-04-25 15:47:09.111020 ; 2518
2024-04-25 15:47:09.113277 ; 2516
2024-04-25 15:47:09.115255 ; 2508
2024-04-25 15:47:09.117112 ; 2506
2024-04-25 15:47:09.119021 ; 2509
2024-04-25 15:47:09.121029 ; 2510
2024-04-25 15:47:09.123272 ; 2511
2024-04-25 15:47:09.125119 ; 2511
2024-04-25 15:47:09.127188 ; 2510
2024-04-25 15:47:09.129220 ; 2507
2024-04-25 15:47:09.131424 ; 2501
2024-04-25 15:47:09.133275 ; 2493
2024-04-25 15:47:09.135176 ; 2481
2024-04-25 15:47:09.137169 ; 2469
2024-04-25 15:47:09.139306 ; 2464
2024-04-25 15:47:09.141326 ; 2460
2024-04-25 15:47:09.143190 ; 2454
2024-04-25 15:47:09.145205 ; 2449
2024-04-25 15:47:09.147469 ; 2443
2024-04-25 15:47:09.149237 ; 2441
2024-04-25 15:47:09.151325 ; 2443
2024-04-25 15:47:09.153277 ; 2443
2024-04-25 15:47:09.155515 ; 2441
2024-04-25 15:47:09.157423 ; 2445
2024-04-25 15:47:09.159211 ; 2431
2024-04-25 15:47:09.161205 ; 2424
2024-04-25 15:47:09.163185 ; 2410
2024-04-25 15:47:09.165433 ; 2400
2024-04-25 15:47:09.167372 ; 2390
2024-04-25 15:47:09.169362 ; 2387
2024-04-25 15:47:09.171391 ; 2385
2024-04-25 15:47:09.173339 ; 2391
2024-04-25 15:47:09.175360 ; 2394
2024-04-25 15:47:09.177345 ; 2402
2024-04-25 15:47:09.179343 ; 2389
2024-04-25 15:47:09.181325 ; 2388
2024-04-25 15:47:09.183472 ; 2376
2024-04-25 15:47:09.185411 ; 2361
2024-04-25 15:47:09.187473 ; 2349
2024-04-25 15:47:09.189619 ; 2342
2024-04-25 15:47:09.191498 ; 2330
2024-04-25 15:47:09.193453 ; 2315
2024-04-25 15:47:09.195680 ; 2293
2024-04-25 15:47:09.197592 ; 2281
2024-04-25 15:47:09.199743 ; 2269
2024-04-25 15:47:09.201584 ; 2256
2024-04-25 15:47:09.203552 ; 2242
2024-04-25 15:47:09.205603 ; 2229
2024-04-25 15:47:09.207675 ; 2214
2024-04-25 15:47:09.209567 ; 2198
2024-04-25 15:47:09.211554 ; 2192
2024-04-25 15:47:09.213533 ; 2180
2024-04-25 15:47:09.215536 ; 2165
2024-04-25 15:47:09.217658 ; 2148
2024-04-25 15:47:09.219668 ; 2132
2024-04-25 15:47:09.221903 ; 2113
2024-04-25 15:47:09.223902 ; 2094
2024-04-25 15:47:09.225645 ; 2078
2024-04-25 15:47:09.227698 ; 2057
2024-04-25 15:47:09.229646 ; 2038
2024-04-25 15:47:09.231645 ; 2014
2024-04-25 15:47:09.233706 ; 1994
2024-04-25 15:47:09.235804 ; 1967
2024-04-25 15:47:09.237799 ; 1943
2024-04-25 15:47:09.239925 ; 1923
2024-04-25 15:47:09.241723 ; 1896
2024-04-25 15:47:09.243760 ; 1872
2024-04-25 15:47:09.245785 ; 1859
2024-04-25 15:47:09.247795 ; 1837
2024-04-25 15:47:09.249848 ; 1809
2024-04-25 15:47:09.251829 ; 1779
2024-04-25 15:47:09.254003 ; 1748
2024-04-25 15:47:09.255848 ; 1724
2024-04-25 15:47:09.257790 ; 1703
2024-04-25 15:47:09.259748 ; 1684
2024-04-25 15:47:09.261817 ; 1658
2024-04-25 15:47:09.263811 ; 1626
2024-04-25 15:47:09.266044 ; 1605
2024-04-25 15:47:09.267848 ; 1588
2024-04-25 15:47:09.269969 ; 1581
2024-04-25 15:47:09.272134 ; 1580
2024-04-25 15:47:09.273912 ; 1570
2024-04-25 15:47:09.275857 ; 1574
2024-04-25 15:47:09.277891 ; 1581
2024-04-25 15:47:09.279990 ; 1593
2024-04-25 15:47:09.281899 ; 1600
2024-04-25 15:47:09.284058 ; 1602
2024-04-25 15:47:09.285979 ; 1608
2024-04-25 15:47:09.288172 ; 1618
2024-04-25 15:47:09.290124 ; 1633
2024-04-25 15:47:09.291988 ; 1663
2024-04-25 15:47:09.293960 ; 1701
2024-04-25 15:47:09.295995 ; 1741
2024-04-25 15:47:09.298011 ; 1792
2024-04-25 15:47:09.300167 ; 1835
2024-04-25 15:47:09.302093 ; 1884
2024-04-25 15:47:09.304274 ; 1920
2024-04-25 15:47:09.306272 ; 1960
2024-04-25 15:47:09.308076 ; 1996
2024-04-25 15:47:09.310076 ; 2034
2024-04-25 15:47:09.312096 ; 2080
2024-04-25 15:47:09.314119 ; 2121
2024-04-25 15:47:09.316152 ; 2164
2024-04-25 15:47:09.318172 ; 2190
2024-04-25 15:47:09.320396 ; 2212
2024-04-25 15:47:09.322288 ; 2241
2024-04-25 15:47:09.324169 ; 2262
2024-04-25 15:47:09.326126 ; 2287
2024-04-25 15:47:09.328192 ; 2314
2024-04-25 15:47:09.330234 ; 2339
2024-04-25 15:47:09.332212 ; 2361
2024-04-25 15:47:09.334295 ; 2382
2024-04-25 15:47:09.336372 ; 2403
2024-04-25 15:47:09.338539 ; 2420
2024-04-25 15:47:09.340341 ; 2428
2024-04-25 15:47:09.342240 ; 2432
2024-04-25 15:47:09.344305 ; 2430
2024-04-25 15:47:09.346245 ; 2430
2024-04-25 15:47:09.348467 ; 2436
2024-04-25 15:47:09.350382 ; 2445
2024-04-25 15:47:09.352321 ; 2451
2024-04-25 15:47:09.354425 ; 2446
2024-04-25 15:47:09.356478 ; 2446
2024-04-25 15:47:09.358392 ; 2441
2024-04-25 15:47:09.360335 ; 2439
2024-04-25 15:47:09.362453 ; 2431
2024-04-25 15:47:09.364448 ; 2426
2024-04-25 15:47:09.366568 ; 2416
2024-04-25 15:47:09.368457 ; 2409
2024-04-25 15:47:09.370527 ; 2410
2024-04-25 15:47:09.372731 ; 2403
2024-04-25 15:47:09.374567 ; 2406
2024-04-25 15:47:09.376538 ; 2407
2024-04-25 15:47:09.378583 ; 2407
2024-04-25 15:47:09.380854 ; 2405
2024-04-25 15:47:09.382687 ; 2405
2024-04-25 15:47:09.384623 ; 2393
2024-04-25 15:47:09.386584 ; 2383
2024-04-25 15:47:09.388727 ; 2385
2024-04-25 15:47:09.390630 ; 2377
2024-04-25 15:47:09.392672 ; 2369
2024-04-25 15:47:09.394596 ; 2378
2024-04-25 15:47:09.396688 ; 2383
2024-04-25 15:47:09.398691 ; 2389
2024-04-25 15:47:09.400671 ; 2392
2024-04-25 15:47:09.402718 ; 2384
2024-04-25 15:47:09.404677 ; 2379
2024-04-25 15:47:09.406681 ; 2377
2024-04-25 15:47:09.408610 ; 2377
2024-04-25 15:47:09.410756 ; 2380
2024-04-25 15:47:09.412840 ; 2384
2024-04-25 15:47:09.414836 ; 2391
2024-04-25 15:47:09.416828 ; 2392
2024-04-25 15:47:09.418815 ; 2389
2024-04-25 15:47:09.420884 ; 2387
2024-04-25 15:47:09.423108 ; 2379
2024-04-25 15:47:09.424902 ; 2374
2024-04-25 15:47:09.426860 ; 2370
2024-04-25 15:47:09.428868 ; 2376
2024-04-25 15:47:09.430925 ; 2381
2024-04-25 15:47:09.432856 ; 2376
2024-04-25 15:47:09.434804 ; 2365
2024-04-25 15:47:09.436973 ; 2360
2024-04-25 15:47:09.438991 ; 2351
2024-04-25 15:47:09.440801 ; 2348
2024-04-25 15:47:09.442865 ; 2350
2024-04-25 15:47:09.444903 ; 2355
2024-04-25 15:47:09.446960 ; 2360
2024-04-25 15:47:09.448908 ; 2379
2024-04-25 15:47:09.451008 ; 2374
2024-04-25 15:47:09.452945 ; 2373
2024-04-25 15:47:09.455225 ; 2373
2024-04-25 15:47:09.456990 ; 2372
2024-04-25 15:47:09.458946 ; 2365
2024-04-25 15:47:09.460960 ; 2363
2024-04-25 15:47:09.462913 ; 2365
2024-04-25 15:47:09.464983 ; 2377
2024-04-25 15:47:09.467100 ; 2378
2024-04-25 15:47:09.469032 ; 2380
2024-04-25 15:47:09.471128 ; 2376
2024-04-25 15:47:09.473100 ; 2370
2024-04-25 15:47:09.475071 ; 2360
2024-04-25 15:47:09.477086 ; 2349
2024-04-25 15:47:09.479077 ; 2351
2024-04-25 15:47:09.481367 ; 2357
2024-04-25 15:47:09.483293 ; 2359
2024-04-25 15:47:09.485170 ; 2359
2024-04-25 15:47:09.487183 ; 2353
2024-04-25 15:47:09.489304 ; 2342
2024-04-25 15:47:09.491338 ; 2343
2024-04-25 15:47:09.493135 ; 2333
2024-04-25 15:47:09.495446 ; 2326
2024-04-25 15:47:09.497446 ; 2315
2024-04-25 15:47:09.499253 ; 2318
2024-04-25 15:47:09.501268 ; 2316
2024-04-25 15:47:09.503277 ; 2319
2024-04-25 15:47:09.505371 ; 2318
2024-04-25 15:47:09.507412 ; 2323
2024-04-25 15:47:09.509216 ; 2335
2024-04-25 15:47:09.511278 ; 2344
2024-04-25 15:47:09.513299 ; 2341
2024-04-25 15:47:09.515439 ; 2340
2024-04-25 15:47:09.517380 ; 2347
2024-04-25 15:47:09.519312 ; 2358
2024-04-25 15:47:09.521512 ; 2348
2024-04-25 15:47:09.523517 ; 2343
2024-04-25 15:47:09.525287 ; 2344
2024-04-25 15:47:09.527292 ; 2349
2024-04-25 15:47:09.529385 ; 2355
2024-04-25 15:47:09.531354 ; 2360
2024-04-25 15:47:09.533499 ; 2367
2024-04-25 15:47:09.535374 ; 2362
2024-04-25 15:47:09.537383 ; 2369
2024-04-25 15:47:09.539655 ; 2362
2024-04-25 15:47:09.541501 ; 2352
2024-04-25 15:47:09.543460 ; 2352
2024-04-25 15:47:09.545508 ; 2346
2024-04-25 15:47:09.547746 ; 2343
2024-04-25 15:47:09.549580 ; 2332
2024-04-25 15:47:09.551576 ; 2325
2024-04-25 15:47:09.553494 ; 2325
2024-04-25 15:47:09.555727 ; 2324
2024-04-25 15:47:09.557630 ; 2317
2024-04-25 15:47:09.559546 ; 2306
2024-04-25 15:47:09.561544 ; 2286
2024-04-25 15:47:09.563565 ; 2275
2024-04-25 15:47:09.565556 ; 2261
2024-04-25 15:47:09.567644 ; 2246
2024-04-25 15:47:09.569614 ; 2221
2024-04-25 15:47:09.571839 ; 2187
2024-04-25 15:47:09.573691 ; 2144
2024-04-25 15:47:09.575583 ; 2105
2024-04-25 15:47:09.577622 ; 2075
2024-04-25 15:47:09.579581 ; 2051
2024-04-25 15:47:09.581870 ; 2048
2024-04-25 15:47:09.583794 ; 2052
2024-04-25 15:47:09.585718 ; 2042
2024-04-25 15:47:09.587747 ; 2012
2024-04-25 15:47:09.589952 ; 1952
2024-04-25 15:47:09.591853 ; 1860
2024-04-25 15:47:09.593696 ; 1699
2024-04-25 15:47:09.595849 ; 1480
2024-04-25 15:47:09.598040 ; 1204
2024-04-25 15:47:09.599930 ; 889
2024-04-25 15:47:09.601848 ; 560
2024-04-25 15:47:09.603896 ; 244
2024-04-25 15:47:09.605948 ; 17
2024-04-25 15:47:09.607842 ; 16
2024-04-25 15:47:09.609750 ; 13
2024-04-25 15:47:09.611814 ; 16
2024-04-25 15:47:09.613861 ; 15
2024-04-25 15:47:09.615919 ; 16
2024-04-25 15:47:09.617967 ; 19
2024-04-25 15:47:09.619919 ; 14
2024-04-25 15:47:09.622192 ; 15
2024-04-25 15:47:09.623900 ; 17
2024-04-25 15:47:09.625953 ; 17
2024-04-25 15:47:09.627924 ; 257
2024-04-25 15:47:09.630139 ; 725
2024-04-25 15:47:09.632059 ; 1178
2024-04-25 15:47:09.634020 ; 1562
2024-04-25 15:47:09.635988 ; 1848
2024-04-25 15:47:09.638206 ; 2042
2024-04-25 15:47:09.640162 ; 2182
2024-04-25 15:47:09.641938 ; 2268
2024-04-25 15:47:09.644022 ; 2320
2024-04-25 15:47:09.646063 ; 2347
2024-04-25 15:47:09.648072 ; 2359
2024-04-25 15:47:09.650142 ; 2366
2024-04-25 15:47:09.652064 ; 2373
2024-04-25 15:47:09.654085 ; 2374
2024-04-25 15:47:09.656329 ; 2377
2024-04-25 15:47:09.658071 ; 2381
2024-04-25 15:47:09.660075 ; 2379
2024-04-25 15:47:09.662106 ; 2384
2024-04-25 15:47:09.664089 ; 2383
2024-04-25 15:47:09.666322 ; 2385
2024-04-25 15:47:09.668164 ; 2396
2024-04-25 15:47:09.670239 ; 2404
2024-04-25 15:47:09.672245 ; 2413
2024-04-25 15:47:09.674282 ; 2420
2024-04-25 15:47:09.676133 ; 2421
2024-04-25 15:47:09.678185 ; 2418
2024-04-25 15:47:09.680178 ; 2419
2024-04-25 15:47:09.682242 ; 2411
2024-04-25 15:47:09.684348 ; 2409
2024-04-25 15:47:09.686292 ; 2398
2024-04-25 15:47:09.688587 ; 2392
2024-04-25 15:47:09.690318 ; 2379
2024-04-25 15:47:09.692252 ; 2372
2024-04-25 15:47:09.694302 ; 2364
2024-04-25 15:47:09.696339 ; 2356
2024-04-25 15:47:09.698278 ; 2352
2024-04-25 15:47:09.700357 ; 2348
2024-04-25 15:47:09.702303 ; 2342
2024-04-25 15:47:09.704406 ; 2326
2024-04-25 15:47:09.706329 ; 2324
2024-04-25 15:47:09.708351 ; 2309
2024-04-25 15:47:09.710381 ; 2291
2024-04-25 15:47:09.712377 ; 2278
2024-04-25 15:47:09.714343 ; 2267
2024-04-25 15:47:09.716490 ; 2256
2024-04-25 15:47:09.718381 ; 2250
2024-04-25 15:47:09.720461 ; 2250
2024-04-25 15:47:09.722662 ; 2248
2024-04-25 15:47:09.724460 ; 2249
2024-04-25 15:47:09.726417 ; 2248
2024-04-25 15:47:09.728432 ; 2243
2024-04-25 15:47:09.730475 ; 2236
2024-04-25 15:47:09.732627 ; 2228
2024-04-25 15:47:09.734568 ; 2225
2024-04-25 15:47:09.736678 ; 2200
2024-04-25 15:47:09.738684 ; 2184
2024-04-25 15:47:09.740632 ; 2167
2024-04-25 15:47:09.742556 ; 2150
2024-04-25 15:47:09.744546 ; 2137
2024-04-25 15:47:09.746705 ; 2129
2024-04-25 15:47:09.748709 ; 2121
2024-04-25 15:47:09.750701 ; 2109
2024-04-25 15:47:09.752715 ; 2104
2024-04-25 15:47:09.754656 ; 2096
2024-04-25 15:47:09.756752 ; 2090
2024-04-25 15:47:09.758646 ; 2081
2024-04-25 15:47:09.760630 ; 2067
2024-04-25 15:47:09.762622 ; 2052
2024-04-25 15:47:09.764913 ; 2044
2024-04-25 15:47:09.766810 ; 2029
2024-04-25 15:47:09.768742 ; 2014
2024-04-25 15:47:09.770843 ; 1998
2024-04-25 15:47:09.772846 ; 1992
2024-04-25 15:47:09.775079 ; 1965
2024-04-25 15:47:09.776836 ; 1957
2024-04-25 15:47:09.778780 ; 1930
2024-04-25 15:47:09.780894 ; 1911
2024-04-25 15:47:09.782902 ; 1891
2024-04-25 15:47:09.784877 ; 1865
2024-04-25 15:47:09.786897 ; 1847
2024-04-25 15:47:09.789045 ; 1825
2024-04-25 15:47:09.791016 ; 1797
2024-04-25 15:47:09.792903 ; 1769
2024-04-25 15:47:09.794896 ; 1732
2024-04-25 15:47:09.796946 ; 1700
2024-04-25 15:47:09.798934 ; 1679
2024-04-25 15:47:09.800989 ; 1644
2024-04-25 15:47:09.802935 ; 1629
2024-04-25 15:47:09.805260 ; 1618
2024-04-25 15:47:09.807186 ; 1602
2024-04-25 15:47:09.808972 ; 1578
2024-04-25 15:47:09.810986 ; 1563
2024-04-25 15:47:09.813118 ; 1540
2024-04-25 15:47:09.815123 ; 1531
2024-04-25 15:47:09.817095 ; 1519
2024-04-25 15:47:09.819013 ; 1509
2024-04-25 15:47:09.821139 ; 1496
2024-04-25 15:47:09.823097 ; 1485
2024-04-25 15:47:09.825122 ; 1476
2024-04-25 15:47:09.827074 ; 1467
2024-04-25 15:47:09.829291 ; 1468
2024-04-25 15:47:09.831318 ; 1481
2024-04-25 15:47:09.833187 ; 1507
2024-04-25 15:47:09.835155 ; 1552
2024-04-25 15:47:09.837197 ; 1589
2024-04-25 15:47:09.839356 ; 1627
2024-04-25 15:47:09.841275 ; 1669
2024-04-25 15:47:09.843237 ; 1705
2024-04-25 15:47:09.845391 ; 1749
2024-04-25 15:47:09.847432 ; 1786
2024-04-25 15:47:09.849231 ; 1831
2024-04-25 15:47:09.851288 ; 1877
2024-04-25 15:47:09.853211 ; 1914
2024-04-25 15:47:09.855439 ; 1951
2024-04-25 15:47:09.857480 ; 1989
2024-04-25 15:47:09.859360 ; 2026
2024-04-25 15:47:09.861281 ; 2058
2024-04-25 15:47:09.863549 ; 2101
2024-04-25 15:47:09.865434 ; 2140
2024-04-25 15:47:09.867378 ; 2181
2024-04-25 15:47:09.869351 ; 2213
2024-04-25 15:47:09.871318 ; 2245
2024-04-25 15:47:09.873586 ; 2278
2024-04-25 15:47:09.875413 ; 2309
2024-04-25 15:47:09.877352 ; 2333
2024-04-25 15:47:09.879322 ; 2349
2024-04-25 15:47:09.881349 ; 2364
2024-04-25 15:47:09.883414 ; 2385
2024-04-25 15:47:09.885352 ; 2398
2024-04-25 15:47:09.887474 ; 2413
2024-04-25 15:47:09.889642 ; 2423
2024-04-25 15:47:09.891557 ; 2431
2024-04-25 15:47:09.893403 ; 2439
2024-04-25 15:47:09.895394 ; 2441
2024-04-25 15:47:09.897383 ; 2450
2024-04-25 15:47:09.899704 ; 2465
2024-04-25 15:47:09.901562 ; 2475
2024-04-25 15:47:09.903560 ; 2481
2024-04-25 15:47:09.905576 ; 2486
2024-04-25 15:47:09.907553 ; 2495
2024-04-25 15:47:09.909500 ; 2475
2024-04-25 15:47:09.911535 ; 2467
2024-04-25 15:47:09.913580 ; 2454
2024-04-25 15:47:09.915610 ; 2444
2024-04-25 15:47:09.917668 ; 2431
2024-04-25 15:47:09.919605 ; 2426
2024-04-25 15:47:09.921912 ; 2422
2024-04-25 15:47:09.923674 ; 2417
2024-04-25 15:47:09.925610 ; 2422
2024-04-25 15:47:09.927589 ; 2418
2024-04-25 15:47:09.929606 ; 2422
2024-04-25 15:47:09.931887 ; 2415
2024-04-25 15:47:09.933802 ; 2406
2024-04-25 15:47:09.935712 ; 2405
2024-04-25 15:47:09.937687 ; 2409
2024-04-25 15:47:09.939935 ; 2408
2024-04-25 15:47:09.941831 ; 2411
2024-04-25 15:47:09.943860 ; 2409
2024-04-25 15:47:09.945823 ; 2408
2024-04-25 15:47:09.948082 ; 2401
2024-04-25 15:47:09.949917 ; 2394
2024-04-25 15:47:09.951812 ; 2388
2024-04-25 15:47:09.953847 ; 2388
2024-04-25 15:47:09.956001 ; 2380
2024-04-25 15:47:09.957853 ; 2379
2024-04-25 15:47:09.959771 ; 2382
2024-04-25 15:47:09.961788 ; 2380
2024-04-25 15:47:09.964110 ; 2380
2024-04-25 15:47:09.965993 ; 2382
2024-04-25 15:47:09.967942 ; 2378
2024-04-25 15:47:09.969932 ; 2374
2024-04-25 15:47:09.972080 ; 2381
2024-04-25 15:47:09.974084 ; 2381
2024-04-25 15:47:09.975923 ; 2383
2024-04-25 15:47:09.977870 ; 2384
2024-04-25 15:47:09.979891 ; 2375
2024-04-25 15:47:09.981989 ; 2385
2024-04-25 15:47:09.984019 ; 2372
2024-04-25 15:47:09.985951 ; 2364
2024-04-25 15:47:09.988097 ; 2365
2024-04-25 15:47:09.990218 ; 2372
2024-04-25 15:47:09.992059 ; 2380
2024-04-25 15:47:09.994053 ; 2388
2024-04-25 15:47:09.996131 ; 2386
2024-04-25 15:47:09.998153 ; 2388
2024-04-25 15:47:10.000119 ; 2391
2024-04-25 15:47:10.002115 ; 2391
2024-04-25 15:47:10.004078 ; 2391
2024-04-25 15:47:10.006326 ; 2387
2024-04-25 15:47:10.008229 ; 2384
2024-04-25 15:47:10.010159 ; 2387
2024-04-25 15:47:10.012082 ; 2396
2024-04-25 15:47:10.014203 ; 2408
2024-04-25 15:47:10.016336 ; 2418
2024-04-25 15:47:10.018226 ; 2427
2024-04-25 15:47:10.020203 ; 2437
2024-04-25 15:47:10.022319 ; 2439
2024-04-25 15:47:10.024251 ; 2439
2024-04-25 15:47:10.026142 ; 2435
2024-04-25 15:47:10.028211 ; 2430
2024-04-25 15:47:10.030224 ; 2428
2024-04-25 15:47:10.032316 ; 2423
2024-04-25 15:47:10.034305 ; 2422
2024-04-25 15:47:10.036244 ; 2412
2024-04-25 15:47:10.038523 ; 2401
2024-04-25 15:47:10.040466 ; 2392
2024-04-25 15:47:10.042205 ; 2384
2024-04-25 15:47:10.044243 ; 2375
2024-04-25 15:47:10.046407 ; 2365
2024-04-25 15:47:10.048498 ; 2353
2024-04-25 15:47:10.050413 ; 2352
2024-04-25 15:47:10.052400 ; 2355
2024-04-25 15:47:10.054500 ; 2364
2024-04-25 15:47:10.056376 ; 2364
2024-04-25 15:47:10.058435 ; 2363
2024-04-25 15:47:10.060418 ; 2373
2024-04-25 15:47:10.062455 ; 2380
2024-04-25 15:47:10.064475 ; 2392
2024-04-25 15:47:10.066582 ; 2392
2024-04-25 15:47:10.068449 ; 2387
2024-04-25 15:47:10.070448 ; 2388
2024-04-25 15:47:10.072726 ; 2386
2024-04-25 15:47:10.074536 ; 2385
2024-04-25 15:47:10.076481 ; 2381
2024-04-25 15:47:10.078500 ; 2381
2024-04-25 15:47:10.080651 ; 2377
2024-04-25 15:47:10.082646 ; 2377
2024-04-25 15:47:10.084649 ; 2378
2024-04-25 15:47:10.086583 ; 2381
2024-04-25 15:47:10.088654 ; 2389
2024-04-25 15:47:10.090587 ; 2391
2024-04-25 15:47:10.092572 ; 2396
2024-04-25 15:47:10.094621 ; 2399
2024-04-25 15:47:10.096591 ; 2402
2024-04-25 15:47:10.098633 ; 2398
2024-04-25 15:47:10.100680 ; 2396
2024-04-25 15:47:10.102630 ; 2392
2024-04-25 15:47:10.104784 ; 2391
2024-04-25 15:47:10.106822 ; 2380
2024-04-25 15:47:10.108681 ; 2380
2024-04-25 15:47:10.110721 ; 2375
2024-04-25 15:47:10.112639 ; 2367
2024-04-25 15:47:10.114706 ; 2355
2024-04-25 15:47:10.116804 ; 2339
2024-04-25 15:47:10.118726 ; 2321
2024-04-25 15:47:10.120840 ; 2309
2024-04-25 15:47:10.122972 ; 2284
2024-04-25 15:47:10.124821 ; 2264
2024-04-25 15:47:10.126779 ; 2235
2024-04-25 15:47:10.128801 ; 2205
2024-04-25 15:47:10.130861 ; 2172
2024-04-25 15:47:10.132996 ; 2148
2024-04-25 15:47:10.134890 ; 2136
2024-04-25 15:47:10.136872 ; 2134
2024-04-25 15:47:10.138964 ; 2133
2024-04-25 15:47:10.140990 ; 2115
2024-04-25 15:47:10.142916 ; 2075
2024-04-25 15:47:10.144892 ; 1998
2024-04-25 15:47:10.146930 ; 1882
2024-04-25 15:47:10.148946 ; 1710
2024-04-25 15:47:10.150989 ; 1482
2024-04-25 15:47:10.152927 ; 1204
2024-04-25 15:47:10.155154 ; 890
2024-04-25 15:47:10.157046 ; 564
2024-04-25 15:47:10.158945 ; 240
2024-04-25 15:47:10.160901 ; 16
2024-04-25 15:47:10.162974 ; 18
2024-04-25 15:47:10.165232 ; 17
2024-04-25 15:47:10.167065 ; 19
2024-04-25 15:47:10.169030 ; 15
2024-04-25 15:47:10.171056 ; 16
2024-04-25 15:47:10.173181 ; 14
2024-04-25 15:47:10.175113 ; 20
2024-04-25 15:47:10.177137 ; 17
2024-04-25 15:47:10.179064 ; 16
2024-04-25 15:47:10.181117 ; 152
2024-04-25 15:47:10.183130 ; 605
2024-04-25 15:47:10.185089 ; 1081
2024-04-25 15:47:10.187093 ; 1491
2024-04-25 15:47:10.189330 ; 1818
2024-04-25 15:47:10.191239 ; 2050
2024-04-25 15:47:10.193173 ; 2201
2024-04-25 15:47:10.195155 ; 2295
2024-04-25 15:47:10.197194 ; 2353
2024-04-25 15:47:10.199227 ; 2383
2024-04-25 15:47:10.201221 ; 2408
2024-04-25 15:47:10.203179 ; 2425
2024-04-25 15:47:10.205357 ; 2443
2024-04-25 15:47:10.207362 ; 2453
2024-04-25 15:47:10.209214 ; 2453
2024-04-25 15:47:10.211291 ; 2456
2024-04-25 15:47:10.213263 ; 2455
2024-04-25 15:47:10.215393 ; 2456
2024-04-25 15:47:10.217375 ; 2453
2024-04-25 15:47:10.219307 ; 2450
2024-04-25 15:47:10.221595 ; 2445
2024-04-25 15:47:10.223461 ; 2449
2024-04-25 15:47:10.225271 ; 2453
2024-04-25 15:47:10.227303 ; 2449
2024-04-25 15:47:10.229357 ; 2445
2024-04-25 15:47:10.231357 ; 2439
2024-04-25 15:47:10.233478 ; 2432
2024-04-25 15:47:10.235374 ; 2426
2024-04-25 15:47:10.237381 ; 2415
2024-04-25 15:47:10.239628 ; 2410
2024-04-25 15:47:10.241460 ; 2406
2024-04-25 15:47:10.243465 ; 2399
2024-04-25 15:47:10.245510 ; 2400
2024-04-25 15:47:10.247482 ; 2397
2024-04-25 15:47:10.249615 ; 2395
2024-04-25 15:47:10.251506 ; 2393
2024-04-25 15:47:10.253582 ; 2387
2024-04-25 15:47:10.255636 ; 2388
2024-04-25 15:47:10.257590 ; 2386
2024-04-25 15:47:10.259516 ; 2379
2024-04-25 15:47:10.261531 ; 2373
2024-04-25 15:47:10.263555 ; 2360
2024-04-25 15:47:10.265616 ; 2359
2024-04-25 15:47:10.267616 ; 2351
2024-04-25 15:47:10.269632 ; 2341
2024-04-25 15:47:10.271768 ; 2332
2024-04-25 15:47:10.273781 ; 2324
2024-04-25 15:47:10.275604 ; 2309
2024-04-25 15:47:10.277570 ; 2297
2024-04-25 15:47:10.279922 ; 2298
2024-04-25 15:47:10.281888 ; 2293
2024-04-25 15:47:10.283789 ; 2284
2024-04-25 15:47:10.285694 ; 2275
2024-04-25 15:47:10.287758 ; 2266
2024-04-25 15:47:10.289720 ; 2257
2024-04-25 15:47:10.291887 ; 2255
2024-04-25 15:47:10.293755 ; 2248
2024-04-25 15:47:10.295818 ; 2244
2024-04-25 15:47:10.297840 ; 2241
2024-04-25 15:47:10.299840 ; 2233
2024-04-25 15:47:10.301822 ; 2220
2024-04-25 15:47:10.303808 ; 2206
2024-04-25 15:47:10.306005 ; 2194
2024-04-25 15:47:10.307859 ; 2187
2024-04-25 15:47:10.309730 ; 2177
2024-04-25 15:47:10.311730 ; 2165
2024-04-25 15:47:10.313767 ; 2152
2024-04-25 15:47:10.315878 ; 2136
2024-04-25 15:47:10.317927 ; 2116
2024-04-25 15:47:10.319896 ; 2093
2024-04-25 15:47:10.322066 ; 2073
2024-04-25 15:47:10.324109 ; 2055
2024-04-25 15:47:10.325918 ; 2043
2024-04-25 15:47:10.327951 ; 2025
2024-04-25 15:47:10.329940 ; 2008
2024-04-25 15:47:10.331961 ; 1989
2024-04-25 15:47:10.333983 ; 1974
2024-04-25 15:47:10.335956 ; 1957
2024-04-25 15:47:10.338238 ; 1939
2024-04-25 15:47:10.340129 ; 1917
2024-04-25 15:47:10.341961 ; 1898
2024-04-25 15:47:10.343998 ; 1882
2024-04-25 15:47:10.345921 ; 1859
2024-04-25 15:47:10.348007 ; 1833
2024-04-25 15:47:10.350120 ; 1812
2024-04-25 15:47:10.352101 ; 1799
2024-04-25 15:47:10.354062 ; 1780
2024-04-25 15:47:10.356233 ; 1766
2024-04-25 15:47:10.358114 ; 1748
2024-04-25 15:47:10.360062 ; 1733
2024-04-25 15:47:10.362125 ; 1707
2024-04-25 15:47:10.364111 ; 1684
2024-04-25 15:47:10.366297 ; 1679
2024-04-25 15:47:10.368156 ; 1656
2024-04-25 15:47:10.370265 ; 1655
2024-04-25 15:47:10.372238 ; 1645
2024-04-25 15:47:10.374316 ; 1643
2024-04-25 15:47:10.376199 ; 1644
2024-04-25 15:47:10.378300 ; 1638
2024-04-25 15:47:10.380431 ; 1633
2024-04-25 15:47:10.382314 ; 1633
2024-04-25 15:47:10.384316 ; 1630
2024-04-25 15:47:10.386177 ; 1622
2024-04-25 15:47:10.388468 ; 1621
2024-04-25 15:47:10.390425 ; 1614
2024-04-25 15:47:10.392239 ; 1612
2024-04-25 15:47:10.394225 ; 1633
2024-04-25 15:47:10.396237 ; 1655
2024-04-25 15:47:10.398326 ; 1685
2024-04-25 15:47:10.400427 ; 1721
2024-04-25 15:47:10.402350 ; 1761
2024-04-25 15:47:10.404340 ; 1811
2024-04-25 15:47:10.406585 ; 1857
2024-04-25 15:47:10.408487 ; 1903
2024-04-25 15:47:10.410348 ; 1941
2024-04-25 15:47:10.412593 ; 1982
2024-04-25 15:47:10.414624 ; 2015
2024-04-25 15:47:10.416508 ; 2056
2024-04-25 15:47:10.418443 ; 2094
2024-04-25 15:47:10.420442 ; 2132
2024-04-25 15:47:10.422655 ; 2168
2024-04-25 15:47:10.424489 ; 2199
2024-04-25 15:47:10.426425 ; 2233
2024-04-25 15:47:10.428458 ; 2243
2024-04-25 15:47:10.430497 ; 2253
2024-04-25 15:47:10.432562 ; 2263
2024-04-25 15:47:10.434578 ; 2279
2024-04-25 15:47:10.436570 ; 2292
2024-04-25 15:47:10.438651 ; 2309
2024-04-25 15:47:10.440643 ; 2320
2024-04-25 15:47:10.442529 ; 2329
2024-04-25 15:47:10.444505 ; 2339
2024-04-25 15:47:10.446653 ; 2346
2024-04-25 15:47:10.448687 ; 2363
2024-04-25 15:47:10.450679 ; 2370
2024-04-25 15:47:10.452615 ; 2379
2024-04-25 15:47:10.454822 ; 2380
2024-04-25 15:47:10.456768 ; 2382
2024-04-25 15:47:10.458628 ; 2390
2024-04-25 15:47:10.460668 ; 2388
2024-04-25 15:47:10.462676 ; 2381
2024-04-25 15:47:10.464637 ; 2371
2024-04-25 15:47:10.466734 ; 2359
2024-04-25 15:47:10.468711 ; 2342
2024-04-25 15:47:10.470916 ; 2341
2024-04-25 15:47:10.472783 ; 2334
2024-04-25 15:47:10.474730 ; 2331
2024-04-25 15:47:10.476730 ; 2328
2024-04-25 15:47:10.478743 ; 2324
2024-04-25 15:47:10.481072 ; 2325
2024-04-25 15:47:10.482930 ; 2329
2024-04-25 15:47:10.484869 ; 2330
2024-04-25 15:47:10.486843 ; 2324
2024-04-25 15:47:10.489020 ; 2315
2024-04-25 15:47:10.491108 ; 2313
2024-04-25 15:47:10.492897 ; 2301
2024-04-25 15:47:10.494879 ; 2301
2024-04-25 15:47:10.496894 ; 2294
2024-04-25 15:47:10.498945 ; 2296
2024-04-25 15:47:10.500948 ; 2298
2024-04-25 15:47:10.502935 ; 2295
2024-04-25 15:47:10.505181 ; 2293
2024-04-25 15:47:10.507084 ; 2291
2024-04-25 15:47:10.508934 ; 2293
2024-04-25 15:47:10.511031 ; 2292
2024-04-25 15:47:10.512979 ; 2286
2024-04-25 15:47:10.515259 ; 2286
2024-04-25 15:47:10.517118 ; 2281
2024-04-25 15:47:10.518969 ; 2279
2024-04-25 15:47:10.521010 ; 2282
2024-04-25 15:47:10.523239 ; 2275
2024-04-25 15:47:10.525165 ; 2276
2024-04-25 15:47:10.526976 ; 2276
2024-04-25 15:47:10.529114 ; 2277
2024-04-25 15:47:10.531058 ; 2282
2024-04-25 15:47:10.533131 ; 2284
2024-04-25 15:47:10.535068 ; 2279
2024-04-25 15:47:10.537156 ; 2276
2024-04-25 15:47:10.539281 ; 2278
2024-04-25 15:47:10.541136 ; 2281
2024-04-25 15:47:10.543067 ; 2278
2024-04-25 15:47:10.545070 ; 2279
2024-04-25 15:47:10.547076 ; 2275
2024-04-25 15:47:10.549188 ; 2281
2024-04-25 15:47:10.551248 ; 2277
2024-04-25 15:47:10.553201 ; 2278
2024-04-25 15:47:10.555398 ; 2283
2024-04-25 15:47:10.557402 ; 2288
2024-04-25 15:47:10.559180 ; 2287
2024-04-25 15:47:10.561183 ; 2294
2024-04-25 15:47:10.563302 ; 2297
2024-04-25 15:47:10.565380 ; 2299
2024-04-25 15:47:10.567345 ; 2305
2024-04-25 15:47:10.569268 ; 2308
2024-04-25 15:47:10.571455 ; 2311
2024-04-25 15:47:10.573414 ; 2314
2024-04-25 15:47:10.575310 ; 2322
2024-04-25 15:47:10.577335 ; 2321
2024-04-25 15:47:10.579594 ; 2317
2024-04-25 15:47:10.581503 ; 2296
2024-04-25 15:47:10.583551 ; 2282
2024-04-25 15:47:10.585418 ; 2262
2024-04-25 15:47:10.587457 ; 2261
2024-04-25 15:47:10.589565 ; 2253
2024-04-25 15:47:10.591571 ; 2244
2024-04-25 15:47:10.593450 ; 2244
2024-04-25 15:47:10.595463 ; 2241
2024-04-25 15:47:10.597459 ; 2238
2024-04-25 15:47:10.599652 ; 2237
2024-04-25 15:47:10.601464 ; 2234
2024-04-25 15:47:10.603541 ; 2228
2024-04-25 15:47:10.605549 ; 2227
2024-04-25 15:47:10.607600 ; 2229
2024-04-25 15:47:10.609427 ; 2227
2024-04-25 15:47:10.611618 ; 2228
2024-04-25 15:47:10.613715 ; 2232
2024-04-25 15:47:10.615578 ; 2235
2024-04-25 15:47:10.617733 ; 2241
2024-04-25 15:47:10.619608 ; 2246
2024-04-25 15:47:10.621809 ; 2240
2024-04-25 15:47:10.623624 ; 2243
2024-04-25 15:47:10.625524 ; 2247
2024-04-25 15:47:10.627628 ; 2246
2024-04-25 15:47:10.629561 ; 2248
2024-04-25 15:47:10.631589 ; 2244
2024-04-25 15:47:10.633727 ; 2254
2024-04-25 15:47:10.635677 ; 2266
2024-04-25 15:47:10.637754 ; 2283
2024-04-25 15:47:10.639763 ; 2277
2024-04-25 15:47:10.641661 ; 2279
2024-04-25 15:47:10.643650 ; 2285
2024-04-25 15:47:10.645744 ; 2294
2024-04-25 15:47:10.647867 ; 2297
2024-04-25 15:47:10.649968 ; 2297
2024-04-25 15:47:10.651829 ; 2298
2024-04-25 15:47:10.653877 ; 2295
2024-04-25 15:47:10.655950 ; 2288
2024-04-25 15:47:10.657965 ; 2281
2024-04-25 15:47:10.659765 ; 2274
2024-04-25 15:47:10.661740 ; 2271
2024-04-25 15:47:10.663765 ; 2253
2024-04-25 15:47:10.665879 ; 2242
2024-04-25 15:47:10.667932 ; 2221
2024-04-25 15:47:10.669862 ; 2200
2024-04-25 15:47:10.672034 ; 2178
2024-04-25 15:47:10.674031 ; 2146
2024-04-25 15:47:10.675928 ; 2112
2024-04-25 15:47:10.677928 ; 2086
2024-04-25 15:47:10.679982 ; 2062
2024-04-25 15:47:10.682003 ; 2052
2024-04-25 15:47:10.684004 ; 2038
2024-04-25 15:47:10.685907 ; 2028
2024-04-25 15:47:10.688180 ; 2026
2024-04-25 15:47:10.690062 ; 2015
2024-04-25 15:47:10.692009 ; 1975
2024-04-25 15:47:10.693985 ; 1899
2024-04-25 15:47:10.696106 ; 1780
2024-04-25 15:47:10.698109 ; 1616
2024-04-25 15:47:10.700104 ; 1403
2024-04-25 15:47:10.702036 ; 1142
2024-04-25 15:47:10.704028 ; 855
2024-04-25 15:47:10.706241 ; 549
2024-04-25 15:47:10.708132 ; 259
2024-04-25 15:47:10.710091 ; 14
2024-04-25 15:47:10.712104 ; 15
2024-04-25 15:47:10.714101 ; 18
2024-04-25 15:47:10.716166 ; 15
2024-04-25 15:47:10.718150 ; 14
2024-04-25 15:47:10.720123 ; 15
2024-04-25 15:47:10.722456 ; 14
2024-04-25 15:47:10.724162 ; 16
2024-04-25 15:47:10.726184 ; 17
2024-04-25 15:47:10.728143 ; 12
2024-04-25 15:47:10.730235 ; 20
